read1	gsu:GSU2105	75.0	56	14	0	168	1	568	623	1.7e-13	80.5
read2	pla:Plav_0247	80.0	55	11	0	167	3	276	330	5.1e-18	95.5
read5	mbry:B1812_20795	60.4	53	21	0	9	167	142	194	2.4e-15	86.7
read6	aey:CDG81_18260	68.1	47	15	0	166	26	2209	2255	1.2e-11	74.3
read7	amv:ACMV_04450	96.4	56	2	0	170	3	134	189	8.4e-21	104.8
read11	pcu:pc0030	94.6	56	3	0	170	3	367	422	1.6e-19	100.5
read14	slp:Slip_0435	74.0	50	13	0	8	157	138	187	1.2e-11	74.3
read16	pht:BLM14_09585	100.0	55	0	0	2	166	33	87	5.3e-28	128.6
read17	bic:LMTR13_36750	91.1	56	5	0	3	170	219	274	8.1e-24	114.8
read18	vgo:GJW-30_1_03888	68.6	51	16	0	167	15	3	53	2.1e-11	73.6
read25	bja:bll2867	84.9	53	8	0	2	160	233	285	4.3e-14	82.4
read34	boh:AKI39_12600	81.8	55	10	0	168	4	10	64	8.7e-18	94.7
read36	mbn:Mboo_1996	63.5	52	19	0	160	5	31	82	1.6e-11	73.9
read38	ngl:RG1141_CH38420	69.1	55	17	0	167	3	188	242	9.0e-15	84.7
read40	mko:MKLM6_3878	70.2	47	14	0	141	1	39	85	2.1e-11	73.6
read42	aba:Acid345_4527	79.6	54	11	0	3	164	115	168	3.6e-16	89.4
read47	bge:BC1002_3647	73.7	57	14	1	170	3	337	393	4.9e-13	79.0
read48	aba:Acid345_2137	67.9	56	18	0	2	169	150	205	1.7e-13	80.5
read49	acr:Acry_2835	64.3	56	20	0	170	3	190	245	3.3e-09	66.2
read56	pha:PSHAa1465	61.1	54	21	0	2	163	259	312	7.4e-09	65.1
read57	tmb:Thimo_2616	67.9	56	18	0	1	168	79	134	2.1e-11	73.6
read58	rhd:R2APBS1_1154	70.4	54	16	0	4	165	452	505	2.3e-15	86.7
read62	pace:A6070_01210	85.2	54	8	0	167	6	257	310	6.6e-18	95.1
read63	aym:YM304_41890	60.7	56	22	0	1	168	420	475	2.4e-07	60.1
read65	psa:PST_0573	61.8	55	21	0	2	166	133	187	3.8e-10	69.3
read69	aper:A0U91_12050	83.6	55	9	0	3	167	1031	1085	1.3e-16	90.9
read70	nfl:COO91_05873	60.0	50	20	0	21	170	8	57	3.0e-10	69.7
read72	abac:LuPra_03323	61.1	54	21	0	167	6	168	221	7.9e-11	71.6
read75	gma:AciX8_4676	69.1	55	17	0	167	3	183	237	6.9e-15	85.1
read76	sml:Smlt1846B	73.2	56	15	0	168	1	126	181	7.9e-19	98.2
read81	rhz:RHPLAN_16800	64.3	56	20	0	169	2	115	170	9.9e-14	81.3
read83	bic:LMTR13_32350	92.7	55	4	0	167	3	51	105	3.1e-23	112.8
read86	bic:LMTR13_10375	92.9	56	4	0	168	1	291	346	9.0e-23	111.3
read88	ctm:Cabther_A0879	73.2	56	15	0	1	168	220	275	9.6e-17	91.3
read90	brk:CWS35_17740	85.7	56	8	0	1	168	199	254	2.1e-19	100.1
read91	chel:AL346_03845	78.2	55	12	0	3	167	527	581	4.8e-16	89.0
read92	nvn:NVIE_008560	75.0	56	14	0	168	1	485	540	2.8e-16	89.7
read93	bvc:CEP68_02305	72.3	47	13	0	1	141	245	291	4.6e-11	72.4
read94	bju:BJ6T_33260	78.6	56	12	0	170	3	875	930	1.1e-15	87.8
read96	csg:Cylst_3573	61.1	54	17	2	168	7	44	93	3.3e-09	66.2
read98	bic:LMTR13_29260	83.9	56	9	0	168	1	100	155	1.3e-21	107.5
read100	nao:Y958_17325	69.6	56	17	0	1	168	285	340	6.7e-10	68.6
read101	mno:Mnod_6583	78.6	56	12	0	1	168	202	257	5.1e-18	95.5
read104	sus:Acid_3789	61.8	55	21	0	169	5	9	63	3.0e-10	69.7
read108	bro:BRAD285_4324	92.9	56	4	0	1	168	117	172	1.6e-19	100.5
read110	arr:ARUE_c08610	64.8	54	19	0	167	6	403	456	1.2e-14	84.3
read112	dml:Dmul_22600	65.5	55	19	0	167	3	41	95	9.3e-12	74.7
read113	aym:YM304_35970	69.1	55	17	0	5	169	260	314	1.2e-14	84.3
read116	geo:Geob_3419	65.5	55	19	0	3	167	373	427	5.4e-12	75.5
read118	aba:Acid345_4493	65.2	46	16	0	162	25	40	85	1.0e-10	71.2
read120	cwo:Cwoe_1326	79.1	43	9	0	3	131	84	126	1.5e-09	67.4
read124	dia:Dtpsy_3216	65.5	55	19	0	3	167	362	416	2.1e-11	73.6
read131	rli:RLO149_c013450	65.4	52	18	0	162	7	288	339	7.6e-14	81.6
read137	cwo:Cwoe_1388	60.0	55	22	0	2	166	57	111	2.7e-11	73.2
read142	nha:Nham_4174	96.4	56	2	0	169	2	542	597	1.5e-25	120.6
read144	rpc:RPC_2823	80.4	56	11	0	1	168	137	192	4.3e-17	92.4
read146	afs:AFR_33505	66.7	54	18	0	5	166	187	240	2.6e-14	83.2
read147	dai:Desaci_4704	60.0	55	22	0	4	168	73	127	6.7e-10	68.6
read151	ges:VT84_19070	82.1	56	10	0	1	168	1165	1220	4.9e-21	105.5
read152	ges:VT84_31945	78.6	56	12	0	2	169	134	189	1.3e-16	90.9
read156	mrd:Mrad2831_4707	72.7	44	12	0	1	132	116	159	1.7e-10	70.5
read157	xii:AMD24_00495	88.9	36	4	0	3	110	57	92	1.0e-10	71.2
read160	ace:Acel_2074	70.4	54	16	0	1	162	681	734	2.7e-11	73.2
read161	etr:ETAE_0532	69.1	55	17	0	1	165	172	226	7.6e-14	81.6
read164	fln:FLA_0217	70.9	55	16	0	169	5	293	347	3.0e-18	96.3
read166	svt:SVTN_03230	61.4	44	17	0	1	132	58	101	1.6e-08	63.9
read168	hmo:HM1_1861	67.3	55	18	0	167	3	411	465	7.3e-17	91.7
read169	sphd:HY78_05565	70.2	57	16	1	2	169	306	362	5.3e-15	85.5
read170	sdf:ACG33_01415	87.5	56	7	0	169	2	205	260	4.2e-20	102.4
read173	tsy:THSYN_25640	71.4	35	10	0	65	169	116	150	8.1e-08	61.6
read174	srr:SerAS9_0481	70.0	50	15	0	152	3	140	189	5.4e-12	75.5
read181	snj:A7E77_00790	64.3	42	15	0	167	42	50	91	1.2e-06	57.8
read190	rge:RGE_25350	66.0	53	18	0	3	161	250	302	1.2e-11	74.3
read192	aba:Acid345_4218	62.5	56	21	0	2	169	39	94	4.6e-11	72.4
read193	brad:BF49_1656	94.1	51	3	0	16	168	1	51	6.6e-18	95.1
read200	hlc:CHINAEXTREME03600	63.6	55	19	1	167	6	51	105	3.0e-10	69.7
read202	acm:AciX9_4110	68.4	57	16	1	167	3	521	577	3.8e-13	79.3
read204	brc:BCCGELA001_19390	77.4	53	12	0	3	161	1066	1118	1.6e-16	90.5
read211	rsc:RCFBP_11253	66.0	50	17	0	169	20	371	420	1.8e-10	70.5
read212	sus:Acid_2999	74.1	54	14	0	6	167	326	379	1.2e-14	84.3
read213	abac:LuPra_05350	89.1	55	6	0	6	170	1908	1962	9.3e-20	101.3
read214	acm:AciX9_1739	66.1	56	19	0	169	2	9	64	1.4e-12	77.4
read222	fra:Francci3_2513	72.2	54	15	0	167	6	368	421	6.0e-11	72.0
read225	gma:AciX8_1707	85.7	35	5	0	167	63	230	264	4.3e-09	65.9
read226	bug:BC1001_PA6384	78.6	56	12	0	169	2	26	81	4.8e-16	89.0
read227	nja:NSJP_1095	60.7	56	22	0	170	3	123	178	4.6e-11	72.4
read228	rce:RC1_0896	80.4	56	11	0	2	169	602	657	1.3e-18	97.4
read234	tcu:Tcur_3271	74.5	55	14	0	3	167	41	95	4.9e-13	79.0
read238	aba:Acid345_3287	80.4	56	11	0	2	169	283	338	2.3e-18	96.7
read239	mcg:GL4_0988	70.9	55	16	0	169	5	202	256	1.7e-13	80.5
read240	mph:MLP_02890	65.5	55	19	0	3	167	27	81	1.4e-12	77.4
read241	pbor:BSF38_02204	75.0	56	14	0	2	169	351	406	3.4e-14	82.8
read242	hdt:HYPDE_26208	78.6	56	12	0	168	1	54	109	2.1e-16	90.1
read245	tbi:Tbis_2792	62.0	50	19	0	161	12	282	331	4.8e-08	62.4
read246	mtw:CQW49_16350	66.1	56	18	1	167	3	149	204	2.2e-13	80.1
read248	plh:VT85_07575	65.5	55	19	0	6	170	199	253	5.8e-14	82.0
read251	rpd:RPD_2882	76.3	38	9	0	115	2	1	38	6.2e-08	62.0
read254	cbw:RR42_m3622	75.0	56	14	0	169	2	392	447	3.0e-18	96.3
read255	bja:blr6287	80.0	55	11	0	165	1	258	312	1.5e-17	94.0
read258	pbh:AAW51_0027	61.8	55	21	0	3	167	62	116	7.9e-11	71.6
read259	sus:Acid_1193	78.2	55	12	0	1	165	141	195	8.1e-16	88.2
read264	sro:Sros_3814	76.9	52	12	0	14	169	441	492	1.8e-15	87.0
read267	aba:Acid345_0843	83.9	56	9	0	169	2	213	268	9.0e-23	111.3
read268	dji:CH75_09910	65.6	61	15	1	5	169	472	532	9.0e-15	84.7
read271	sdf:ACG33_02260	88.9	54	6	0	6	167	125	178	3.0e-18	96.3
read275	proc:Ptc2401_00341	63.3	49	16	1	167	27	18	66	1.9e-09	67.0
read276	tcu:Tcur_2476	98.2	56	1	0	169	2	383	438	3.9e-26	122.5
read277	ade:Adeh_3905	66.1	56	19	0	170	3	427	482	5.8e-14	82.0
read281	nha:Nham_0982	83.3	54	9	0	164	3	223	276	3.3e-17	92.8
read283	ajs:Ajs_4206	60.4	53	21	0	8	166	283	335	1.5e-09	67.4
read284	acti:UA75_27400	69.6	56	17	0	2	169	49	104	1.1e-15	87.8
read286	sus:Acid_3564	67.4	43	14	0	131	3	1	43	2.4e-07	60.1
read288	sdf:ACG33_05375	92.9	56	4	0	2	169	273	328	5.3e-23	112.1
read292	fre:Franean1_7100	80.0	55	11	0	2	166	209	263	2.5e-17	93.2
read299	cwo:Cwoe_3037	66.1	56	19	0	3	170	101	156	1.2e-11	74.3
read300	hdn:Hden_1349	64.1	39	14	0	6	122	430	468	2.0e-06	57.0
read306	buo:BRPE64_ECDS02660	60.0	55	22	0	169	5	199	253	1.1e-12	77.8
read307	rhp:LPB142_00090	67.3	55	18	0	168	4	276	330	1.7e-13	80.5
read308	bic:LMTR13_07200	85.7	56	8	0	169	2	594	649	9.9e-22	107.8
read309	tcu:Tcur_2582	87.5	56	7	0	1	168	299	354	2.6e-22	109.8
read315	psin:CAK95_17835	71.4	56	16	0	169	2	5	60	9.9e-14	81.3
read316	aba:Acid345_3544	64.8	54	19	0	162	1	29	82	3.4e-14	82.8
read319	meta:Y590_16110	67.9	53	15	1	155	3	2	54	9.3e-12	74.7
read325	nio:NITINOP_2459	63.6	55	20	0	169	5	245	299	1.0e-10	71.2
read328	bju:BJ6T_50280	92.9	56	4	0	2	169	348	403	5.1e-18	95.5
read331	cwo:Cwoe_2649	96.4	55	2	0	167	3	190	244	1.8e-23	113.6
read336	ntp:CRH09_07850	70.9	55	16	0	170	6	14	68	4.9e-13	79.0
read338	bbt:BBta_2937	62.7	51	19	0	166	14	394	444	9.6e-09	64.7
read340	tbi:Tbis_3580	75.6	41	7	1	166	44	168	205	6.1e-08	62.0
read342	aba:Acid345_1469	82.1	56	10	0	169	2	137	192	6.0e-19	98.6
read343	axy:AXYL_03529	64.9	57	19	1	3	170	85	141	4.3e-09	65.9
read346	mko:MKLM6_1543	61.7	60	19	1	168	1	156	215	2.4e-12	76.6
read352	pshi:SAMEA2665130_0081	66.1	56	19	0	2	169	271	326	4.8e-16	89.0
read355	bop:AXW83_13160	94.4	54	3	0	168	7	157	210	2.2e-21	106.7
read357	nii:Nit79A3_3554	87.0	54	7	0	7	168	176	229	3.2e-20	102.8
read360	amu:Amuc_0877	74.5	55	14	0	2	166	427	481	2.2e-13	80.1
read362	hyp:A0257_14965	68.5	54	16	1	159	1	410	463	1.4e-12	77.4
read363	dgo:DGo_CA1340	66.1	56	19	0	169	2	265	320	2.4e-15	86.7
read365	beb:AEM42_04445	73.5	49	13	0	14	160	301	349	3.8e-13	79.3
read367	aba:Acid345_1040	82.1	56	10	0	1	168	170	225	1.6e-19	100.5
read368	aba:Acid345_0843	82.1	56	10	0	168	1	232	287	5.3e-23	112.1
read371	pag:PLES_18391	69.6	56	17	0	1	168	377	432	1.5e-14	84.0
read372	pbor:BSF38_02663	61.1	54	21	0	165	4	26	79	4.5e-14	82.4
read377	rpb:RPB_3877	89.1	55	6	0	2	166	89	143	6.4e-21	105.1
read381	acr:Acry_2044	90.9	55	5	0	3	167	199	253	3.1e-23	112.8
read386	mee:CS521_18935	81.4	43	8	0	153	25	166	208	3.0e-10	69.7
read388	sro:Sros_1154	92.9	28	2	0	3	86	76	103	4.0e-07	59.3
read389	nwi:Nwi_0449	65.4	52	18	0	169	14	307	358	1.9e-09	67.0
read398	brk:CWS35_34535	80.4	56	11	0	169	2	53	108	7.6e-22	108.2
read401	meh:M301_1224	63.0	54	20	0	4	165	70	123	1.3e-08	64.3
read403	bja:blr6967	72.7	55	15	0	165	1	152	206	9.0e-15	84.7
read408	bop:AXW83_00370	91.1	56	5	0	169	2	817	872	4.4e-22	109.0
read412	sus:Acid_7775	84.9	53	8	0	7	165	132	184	3.6e-16	89.4
read413	geb:GM18_1059	70.6	51	15	0	3	155	123	173	1.2e-11	74.3
read416	aba:Acid345_4052	67.3	55	18	0	3	167	58	112	2.2e-13	80.1
read418	llu:AKJ09_07275	64.3	56	20	0	2	169	224	279	6.7e-10	68.6
read419	nsr:NS506_07177	67.9	56	18	0	3	170	183	238	1.1e-15	87.8
read420	gma:AciX8_3222	85.7	56	8	0	168	1	293	348	3.5e-19	99.4
read426	brk:CWS35_00730	94.6	56	3	0	1	168	48	103	1.1e-23	114.4
read430	maqu:Maq22A_1p36200	85.5	55	8	0	167	3	176	230	2.1e-19	100.1
read431	ccro:CMC5_047190	72.7	55	15	0	166	2	313	367	3.9e-18	95.9
read434	gob:Gobs_2964	76.4	55	13	0	4	168	74	128	1.6e-16	90.5
read435	saci:Sinac_1828	83.9	56	9	0	168	1	258	313	3.9e-18	95.9
read436	aba:Acid345_3242	70.8	48	14	0	144	1	119	166	2.7e-11	73.2
read437	puv:PUV_24050	78.6	56	12	0	1	168	278	333	1.7e-18	97.1
read439	hye:AM218_09805	78.6	56	12	0	3	170	90	145	1.1e-15	87.8
read441	ges:VT84_27140	76.4	55	13	0	3	167	304	358	1.3e-16	90.9
read445	rgu:A4W93_01685	61.8	55	19	1	170	6	490	542	2.0e-06	57.0
read448	brk:CWS35_34365	94.6	56	3	0	3	170	520	575	1.4e-23	114.0
read449	tsa:AciPR4_0794	70.9	55	14	1	3	167	58	110	3.2e-12	76.3
read456	saci:Sinac_0521	74.1	54	14	0	3	164	249	302	8.5e-18	94.7
read461	rhz:RHPLAN_68870	87.5	56	7	0	1	168	156	211	4.2e-20	102.4
read465	cwo:Cwoe_3117	63.3	49	17	1	27	170	101	149	6.9e-07	58.5
read469	sphb:EP837_02695	85.7	56	8	0	1	168	412	467	1.2e-19	100.9
read471	noa:BKM31_16800	65.5	55	19	0	166	2	15	69	2.7e-11	73.2
read472	arh:AHiyo8_59740	74.3	35	9	0	10	114	25	59	1.9e-09	67.0
read474	abs:AZOBR_p440034	62.3	53	20	0	8	166	340	392	9.6e-09	64.7
read475	sus:Acid_6125	90.9	55	5	0	167	3	14	68	3.8e-21	105.9
read476	aba:Acid345_2377	72.9	48	13	0	145	2	22	69	2.7e-11	73.2
read479	ote:Oter_1817	66.1	56	19	0	3	170	356	411	3.4e-14	82.8
read481	pmad:BAY61_14960	60.7	56	22	0	169	2	266	321	4.0e-07	59.3
read484	lal:AT746_04030	60.7	56	22	0	169	2	224	279	5.6e-09	65.5
read489	pphr:APZ00_13105	65.4	52	16	2	1	156	186	235	4.2e-09	65.9
read490	atu:Atu5479	85.2	54	8	0	2	163	100	153	4.6e-19	99.0
read491	sals:SLNWT_4870	69.1	55	17	0	6	170	34	88	1.8e-10	70.5
read492	aca:ACP_3268	76.8	56	13	0	3	170	594	649	1.5e-17	94.0
read498	axe:P40_20065	63.0	54	20	0	164	3	225	278	1.4e-12	77.4
read501	tab:CIG75_18285	60.4	53	17	1	19	165	12	64	1.9e-09	67.0
read506	rhd:R2APBS1_2035	75.0	56	14	0	2	169	653	708	2.9e-13	79.7
read508	fgi:OP10G_1203	87.3	55	7	0	165	1	158	212	2.7e-19	99.8
read514	xau:Xaut_0186	98.2	55	1	0	166	2	221	275	4.0e-23	112.5
read516	rfr:Rfer_3548	80.4	56	11	0	168	1	663	718	1.6e-16	90.5
read517	ptx:ABW99_13010	84.8	46	7	0	169	32	243	288	8.4e-13	78.2
read519	sus:Acid_0103	85.7	56	8	0	2	169	277	332	3.3e-17	92.8
read520	kfl:Kfla_5815	67.3	49	16	0	150	4	300	348	5.3e-07	58.9
read521	rhz:RHPLAN_19150	63.6	55	20	0	170	6	260	314	2.7e-11	73.2
read523	avi:Avi_9067	69.1	55	17	0	167	3	38	92	1.5e-14	84.0
read524	aba:Acid345_2614	74.0	50	13	0	4	153	389	438	1.2e-14	84.3
read525	rpi:Rpic_0623	100.0	55	0	0	166	2	305	359	6.7e-23	111.7
read529	tsm:ASU32_07260	91.1	56	5	0	168	1	363	418	2.8e-24	116.3
read531	mpg:Theba_0855	73.2	41	11	0	46	168	452	492	8.1e-08	61.6
read532	mor:MOC_0986	94.5	55	3	0	5	169	7	61	2.1e-19	100.1
read535	aba:Acid345_4519	90.5	42	4	0	40	165	1	42	1.2e-14	84.3
read536	sna:Snas_1978	83.9	56	9	0	1	168	6	61	1.3e-18	97.4
read537	abai:IMCC26256_11979	67.3	55	18	0	167	3	217	271	3.2e-12	76.3
read540	bic:LMTR13_23235	92.9	56	4	0	2	169	160	215	2.6e-22	109.8
read542	bja:blr1915	60.7	56	22	0	170	3	375	430	4.6e-11	72.4
read543	pft:JBW_03871	80.0	55	11	0	6	170	69	123	7.9e-19	98.2
read549	mrm:A7982_06331	83.6	55	9	0	167	3	86	140	8.7e-18	94.7
read552	sfu:Sfum_0972	67.9	53	17	0	2	160	80	132	1.4e-12	77.4
read554	min:Minf_0211	81.8	55	10	0	168	4	47	101	1.9e-20	103.6
read556	mup:A0256_05530	80.0	55	11	0	167	3	285	339	4.9e-21	105.5
read560	cwo:Cwoe_3015	60.7	56	22	0	2	169	168	223	3.0e-10	69.7
read561	aca:ACP_0609	80.4	56	11	0	1	168	545	600	6.6e-18	95.1
read562	rpc:RPC_2666	92.9	56	4	0	1	168	97	152	3.6e-16	89.4
read564	pol:Bpro_0678	91.1	56	5	0	3	170	645	700	4.4e-22	109.0
read567	bsb:Bresu_1979	81.8	55	10	0	3	167	48	102	6.0e-19	98.6
read570	bic:LMTR13_18170	77.3	44	10	0	3	134	248	291	1.8e-10	70.5
read571	brc:BCCGELA001_15800	78.6	56	12	0	170	3	439	494	1.9e-17	93.6
read572	abac:LuPra_03207	69.6	56	16	1	167	3	164	219	5.8e-14	82.0
read574	abac:LuPra_04208	73.2	56	15	0	1	168	371	426	5.3e-15	85.5
read578	nha:Nham_3076	83.9	56	9	0	168	1	66	121	2.9e-21	106.3
read579	ges:VT84_21180	83.9	56	9	0	1	168	95	150	1.5e-22	110.5
read587	sfu:Sfum_0570	64.8	54	19	0	5	166	191	244	1.8e-10	70.5
read588	dbr:Deba_3249	75.9	54	13	0	164	3	428	481	5.9e-19	98.6
read597	llu:AKJ09_08545	71.2	52	15	0	12	167	13	64	9.8e-14	81.3
read598	sti:Sthe_3255	73.3	45	12	0	1	135	422	466	3.8e-13	79.3
read600	rhz:RHPLAN_22760	76.3	59	7	1	4	159	550	608	8.3e-13	78.2
read601	mll:B1R94_18940	92.9	56	4	0	2	169	163	218	1.1e-23	114.4
read605	cga:Celgi_1388	71.4	56	16	0	1	168	102	157	8.1e-16	88.2
read607	gau:GAU_2409	61.1	54	21	0	163	2	34	87	2.1e-11	73.6
read614	brs:S23_01250	83.6	55	9	0	169	5	192	246	1.6e-19	100.5
read617	woc:BA177_13940	67.3	55	18	0	5	169	153	207	2.4e-12	76.6
read618	beba:BWI17_06895	85.5	55	8	0	167	3	151	205	2.7e-19	99.8
read620	puv:PUV_19080	60.0	55	21	1	162	1	316	370	3.3e-09	66.2
read622	bbt:BBta_1824	83.9	56	8	1	170	6	41	96	2.4e-20	103.2
read626	acm:AciX9_0590	69.6	46	14	0	166	29	76	121	6.4e-13	78.6
read629	tcu:Tcur_0636	78.6	56	12	0	2	169	247	302	8.1e-16	88.2
read631	aba:Acid345_3690	74.5	55	14	0	3	167	361	415	5.5e-17	92.0
read632	aba:Acid345_0761	80.4	56	11	0	168	1	59	114	2.3e-18	96.7
read638	met:M446_3199	81.1	53	10	0	6	164	66	118	5.1e-15	85.5
read641	rhd:R2APBS1_2509	87.0	54	7	0	164	3	155	208	2.7e-19	99.8
read642	sma:SAVERM_5416	75.0	36	9	0	108	1	3	38	2.1e-08	63.5
read643	nha:Nham_0416	85.5	55	8	0	3	167	147	201	3.8e-21	105.9
read645	mye:AB431_12440	64.3	56	20	0	169	2	285	340	6.9e-15	85.1
read646	dma:DMR_03420	77.8	54	12	0	162	1	1	54	6.9e-15	85.1
read649	plh:VT85_19940	90.9	55	5	0	166	2	56	110	1.9e-20	103.6
read651	deq:XM25_09630	67.3	55	18	0	2	166	446	500	2.6e-14	83.2
read657	rhz:RHPLAN_11990	73.2	56	15	0	1	168	99	154	3.1e-15	86.3
read658	gba:J421_2012	68.5	54	16	1	169	8	88	140	1.4e-12	77.4
read659	cva:CVAR_0952	64.0	50	18	0	157	8	336	385	6.0e-11	72.0
read661	mrm:A7982_02697	69.6	56	17	0	170	3	584	639	2.0e-14	83.6
read663	rhz:RHPLAN_47310	78.6	56	12	0	169	2	99	154	4.2e-20	102.4
read664	cfus:CYFUS_009534	61.7	47	17	1	167	30	392	438	3.3e-09	66.2
read669	gma:AciX8_4603	77.3	44	10	0	5	136	36	79	1.3e-11	73.9
read670	och:CES85_5793	60.0	55	22	0	2	166	82	136	6.0e-11	72.0
read674	gau:GAU_0654	85.5	55	8	0	6	170	9	63	7.1e-20	101.7
read675	rpb:RPB_0882	65.9	41	14	0	38	160	32	72	9.0e-07	58.2
read677	sme:SMa1115	62.5	56	21	0	1	168	349	404	4.6e-11	72.4
read678	rpc:RPC_1524	98.1	52	1	0	170	15	801	852	8.4e-21	104.8
read684	saci:Sinac_0792	96.4	56	2	0	2	169	747	802	4.4e-22	109.0
read685	brs:S23_48180	92.9	56	4	0	168	1	22	77	4.0e-23	112.5
read686	snr:SNOUR_04785	92.9	56	4	0	169	2	286	341	9.6e-25	117.9
read690	sphp:LH20_06125	81.8	55	10	0	3	167	153	207	3.9e-18	95.9
read694	mym:A176_005808	69.8	43	13	0	2	130	211	253	2.1e-08	63.5
read695	dap:Dacet_0849	61.1	54	8	1	164	3	76	116	2.7e-08	63.2
read699	vgo:GJW-30_1_01302	87.5	56	7	0	1	168	33	88	5.8e-22	108.6
read701	acx:Achr_6000	94.5	55	3	0	168	4	147	201	2.9e-21	106.3
read706	apk:APA386B_1P155	63.8	47	17	0	27	167	8	54	4.8e-08	62.4
read710	sus:Acid_5590	80.4	56	11	0	168	1	266	321	3.8e-21	105.9
read714	mamo:A6B35_21035	81.8	55	10	0	167	3	7	61	1.7e-18	97.1
read718	fri:FraEuI1c_5415	60.0	55	22	0	3	167	21	75	2.5e-09	66.6
read721	mrm:A7982_02870	67.9	56	18	0	170	3	2427	2482	1.1e-12	77.8
read728	stan:STA3757_25810	67.4	46	14	1	135	1	1	46	2.1e-11	73.6
read730	aca:ACP_3460	69.6	56	17	0	169	2	82	137	5.8e-14	82.0
read734	rbm:TEF_09890	63.4	41	15	0	165	43	83	123	5.3e-07	58.9
read735	trs:Terro_3140	60.7	56	22	0	168	1	32	87	8.7e-10	68.2
read739	caby:Cabys_3459	70.4	54	16	0	166	5	241	294	2.6e-14	83.2
read741	ars:ADJ73_07325	70.7	41	12	0	169	47	523	563	9.6e-09	64.7
read742	lez:GLE_4348	96.7	30	1	0	170	81	382	411	3.1e-07	59.7
read744	msl:Msil_3575	90.9	55	5	0	3	167	168	222	2.2e-21	106.7
read745	pse:NH8B_3492	94.6	56	3	0	169	2	389	444	8.4e-21	104.8
read747	ges:VT84_28890	60.0	55	22	0	4	168	328	382	1.4e-12	77.4
read753	azi:AzCIB_0458	60.7	56	22	0	3	170	39	94	5.8e-14	82.0
read754	pbor:BSF38_04799	83.9	56	9	0	170	3	516	571	5.4e-20	102.1
read755	abac:LuPra_03558	61.1	54	21	0	165	4	78	131	7.9e-11	71.6
read765	xii:AMD24_00197	66.0	53	18	0	169	11	365	417	2.0e-14	83.6
read767	rhz:RHPLAN_70760	69.6	46	10	1	142	17	160	205	1.3e-08	64.3
read769	acm:AciX9_1293	80.4	56	11	0	169	2	340	395	4.6e-19	99.0
read773	sus:Acid_3478	87.3	55	7	0	2	166	210	264	4.6e-19	99.0
read774	bra:BRADO2685	86.2	29	4	0	82	168	27	55	2.0e-06	57.0
read776	msl:Msil_2490	71.4	49	14	0	23	169	1	49	2.9e-13	79.7
read779	pye:A6J80_09360	66.1	56	19	0	2	169	52	107	9.0e-15	84.7
read784	dal:Dalk_1159	71.4	35	10	0	66	170	163	197	5.8e-06	55.5
read787	abac:LuPra_05719	60.0	55	22	0	166	2	56	110	2.7e-11	73.2
read788	ret:RHE_CH03112	81.8	55	10	0	167	3	196	250	7.1e-20	101.7
read791	woc:BA177_15385	62.5	56	21	0	170	3	204	259	4.9e-13	79.0
read793	aca:ACP_0628	94.5	55	3	0	3	167	90	144	5.8e-22	108.6
read798	fba:FIC_01391	60.0	55	22	0	170	6	190	244	1.9e-12	77.0
read799	bvv:BHK69_09850	76.8	56	13	0	2	169	162	217	2.3e-18	96.7
read816	adg:Adeg_0412	61.8	55	21	0	168	4	604	658	3.3e-09	66.2
read818	sclf:BB341_10030	64.3	56	20	0	1	168	49	104	7.9e-11	71.6
read819	msc:BN69_1459	61.8	55	21	0	1	165	262	316	2.5e-09	66.6
read820	rpd:RPD_0520	72.2	54	15	0	6	167	98	151	5.8e-14	82.0
read822	phl:KKY_603	61.9	42	16	0	168	43	377	418	1.9e-09	67.0
read824	ara:Arad_7929	72.7	55	15	0	2	166	266	320	1.3e-16	90.9
read825	all:CRK62046	75.0	56	14	0	169	2	707	762	1.2e-14	84.3
read826	cse:Cseg_1773	66.0	53	17	1	8	166	117	168	7.1e-12	75.1
read831	pzu:PHZ_c2032	64.0	50	18	0	2	151	85	134	7.1e-12	75.1
read833	hdi:HDIA_1736	74.5	55	14	0	2	166	119	173	2.1e-16	90.1
read838	fbt:D770_23790	69.6	56	17	0	170	3	370	425	2.8e-16	89.7
read839	afs:AFR_05125	80.4	56	11	0	169	2	18	73	3.5e-19	99.4
read841	ccjz:ccrud_02820	60.4	53	21	0	167	9	268	320	2.9e-10	69.7
read846	sgr:SGR_5037	66.7	54	18	0	3	164	137	190	3.8e-13	79.3
read847	hlr:HALLA_02570	63.0	54	20	0	169	8	866	919	3.4e-14	82.8
read856	saci:Sinac_1052	66.7	57	17	1	166	2	38	94	4.6e-11	72.4
read858	hmc:HYPMC_3228	66.1	56	19	0	168	1	358	413	8.4e-13	78.2
read861	aca:ACP_2876	75.0	56	14	0	168	1	49	104	3.0e-18	96.3
read862	aba:Acid345_4396	70.9	55	16	0	2	166	108	162	1.7e-13	80.5
read865	maqu:Maq22A_c06295	78.2	55	12	0	2	166	78	132	1.6e-16	90.5
read872	bgl:bglu_2g04950	76.8	56	13	0	170	3	36	91	1.5e-17	94.0
read873	aza:AZKH_2263	87.3	55	7	0	3	167	194	248	4.0e-23	112.5
read874	plp:Ple7327_2516	80.0	55	11	0	170	6	515	569	1.9e-17	93.6
read875	sus:Acid_7586	78.6	56	12	0	168	1	148	203	3.6e-16	89.4
read876	bgd:bgla_1g14680	63.0	54	20	0	7	168	243	296	1.2e-14	84.3
read878	mup:A0256_20730	67.9	56	18	0	168	1	136	191	7.6e-14	81.6
read883	sgu:SGLAU_23505	74.1	54	12	1	5	166	281	332	4.3e-17	92.4
read887	nca:Noca_0389	69.1	55	17	0	166	2	285	339	5.6e-17	92.0
read888	cts:Ctha_2574	85.7	56	8	0	169	2	25	80	2.0e-22	110.2
read890	mamo:A6B35_27710	69.6	56	17	0	1	168	317	372	3.3e-17	92.8
read891	saci:Sinac_6584	68.1	47	15	0	167	27	761	807	3.0e-10	69.7
read894	axe:P40_11610	71.4	56	16	0	169	2	270	325	3.4e-14	82.8
read897	chq:AQ619_10115	82.1	56	10	0	168	1	141	196	8.7e-18	94.7
read898	bsd:BLASA_3032	61.5	52	20	0	160	5	46	97	1.2e-06	57.8
read902	scl:sce0368	72.2	54	15	0	168	7	528	581	2.1e-16	90.1
read903	fre:Franean1_4614	61.5	39	15	0	156	40	354	392	4.5e-06	55.8
read909	afo:Afer_1021	80.4	56	11	0	170	3	47	102	1.4e-20	104.0
read910	mah:MEALZ_2572	85.5	55	8	0	167	3	105	159	4.4e-22	109.0
read912	fsy:FsymDg_1785	88.9	54	6	0	2	163	241	294	1.2e-22	110.9
read913	pow:IJ21_28780	60.0	50	14	1	3	152	357	400	2.5e-09	66.6
read919	saci:Sinac_0170	67.3	55	18	0	165	1	227	281	3.6e-16	89.4
read920	bsd:BLASA_3324	78.6	56	12	0	169	2	212	267	2.5e-17	93.2
read921	sus:Acid_1493	66.0	53	18	0	11	169	71	123	1.2e-14	84.3
read923	nno:NONO_c49720	80.4	56	11	0	1	168	60	115	1.3e-16	90.9
read925	tmb:Thimo_0450	83.6	55	9	0	4	168	103	157	1.2e-19	100.9
read929	byi:BYI23_B008580	89.5	38	4	0	1	114	88	125	3.5e-11	72.8
read933	abai:IMCC26256_111271	66.1	56	19	0	2	169	534	589	1.6e-11	73.9
read934	abs:AZOBR_p1180037	80.0	55	11	0	3	167	14	68	1.3e-16	90.9
read936	trs:Terro_0181	84.9	53	8	0	168	10	136	188	1.0e-18	97.8
read937	brk:CWS35_29530	79.6	49	10	0	168	22	18	66	3.9e-18	95.9
read938	vma:VAB18032_23755	66.1	56	19	0	1	168	259	314	2.6e-14	83.2
read939	aba:Acid345_2197	87.5	56	7	0	2	169	888	943	1.5e-22	110.5
read940	moc:BB934_40530	63.0	54	20	0	2	163	25	78	1.7e-13	80.5
read941	tcu:Tcur_0295	61.1	54	21	0	8	169	22	75	7.4e-09	65.1
read942	nha:Nham_2989	67.3	55	18	0	165	1	66	120	6.9e-15	85.1
read943	aol:S58_00730	63.0	54	20	0	170	9	67	120	9.3e-12	74.7
read946	ote:Oter_3894	63.6	55	20	0	165	1	1	55	3.8e-10	69.3
read947	gob:Gobs_0941	83.0	53	9	0	9	167	64	116	2.5e-17	93.2
read948	sus:Acid_7723	69.1	55	17	0	168	4	159	213	3.2e-12	76.3
read951	actn:L083_6540	64.8	54	19	0	6	167	296	349	7.0e-12	75.1
read954	tsa:AciPR4_0095	60.0	55	22	0	166	2	189	243	9.6e-17	91.3
read956	aba:Acid345_1538	61.5	52	20	0	164	9	631	682	1.4e-12	77.4
read957	mox:DAMO_2769	68.5	54	17	0	168	7	289	342	1.7e-13	80.5
read963	txi:TH3_18005	61.8	55	21	0	168	4	152	206	3.2e-12	76.3
read965	nii:Nit79A3_0045	80.4	56	11	0	3	170	36	91	1.0e-18	97.8
read968	aba:Acid345_1491	75.0	56	14	0	3	170	549	604	9.6e-17	91.3
read969	dmt:DESME_07200	61.8	55	21	0	5	169	160	214	3.5e-11	72.8
read970	abac:LuPra_03932	76.3	38	9	0	117	4	24	61	4.8e-08	62.4
read972	noa:BKM31_38190	76.8	56	13	0	170	3	377	432	1.7e-18	97.1
read974	sphk:SKP52_19360	66.1	56	19	0	1	168	45	100	1.9e-12	77.0
read976	gsr:GS3922_00075	71.4	56	16	0	1	168	342	397	4.0e-15	85.9
read979	nre:BES08_18730	75.0	56	14	0	169	2	294	349	8.4e-13	78.2
read981	plk:CIK06_11335	60.4	53	16	2	14	166	133	182	5.3e-07	58.9
read983	kphy:AOZ06_45140	71.4	56	15	1	168	1	370	424	7.1e-12	75.1
read987	magx:XM1_3461	62.3	53	20	0	161	3	88	140	4.8e-08	62.4
read990	gma:AciX8_4437	73.2	56	15	0	2	169	354	409	6.2e-16	88.6
read991	gma:AciX8_0731	76.4	55	13	0	2	166	62	116	4.3e-17	92.4
read992	ccx:COCOR_04444	70.2	47	14	0	29	169	4	50	1.1e-12	77.8
read993	aba:Acid345_3277	64.8	54	19	0	164	3	9	62	5.8e-14	82.0
read994	chel:AL346_24115	84.3	51	8	0	3	155	275	325	1.8e-15	87.0
read1007	saci:Sinac_6173	80.4	56	11	0	2	169	111	166	3.0e-18	96.3
read1011	say:TPY_0862	65.5	55	19	0	1	165	260	314	9.3e-12	74.7
read1018	fgi:OP10G_3216	66.1	56	19	0	2	169	15	70	1.7e-13	80.5
read1021	aba:Acid345_3980	83.9	56	9	0	3	170	183	238	3.5e-19	99.4
read1027	vpe:Varpa_4601	81.8	55	10	0	166	2	387	441	1.3e-16	90.9
read1028	ges:VT84_09780	66.7	54	18	0	1	162	84	137	3.2e-12	76.3
read1029	pbor:BSF38_04859	83.9	56	9	0	2	169	334	389	5.4e-20	102.1
read1034	byi:BYI23_A008810	92.6	54	4	0	164	3	120	173	8.4e-21	104.8
read1039	rhz:RHPLAN_49490	60.0	55	22	0	168	4	135	189	1.3e-13	80.9
read1041	sro:Sros_1219	76.8	56	13	0	168	1	107	162	1.8e-15	87.0
read1042	mno:Mnod_2229	64.8	54	19	0	9	170	9	62	3.2e-12	76.3
read1043	brk:CWS35_29035	71.7	53	15	0	3	161	464	516	8.1e-16	88.2
read1050	psin:CAK95_06685	98.2	56	1	0	2	169	153	208	2.2e-21	106.7
read1052	pdx:Psed_6420	63.3	49	18	0	2	148	154	202	3.7e-12	75.9
read1055	sng:SNE_B24090	60.4	53	21	0	7	165	38	90	1.7e-13	80.5
read1056	strm:M444_26060	60.0	55	22	0	168	4	175	229	1.4e-12	77.4
read1057	xau:Xaut_0922	66.1	56	19	0	2	169	227	282	7.6e-14	81.6
read1058	rpe:RPE_2501	81.1	53	10	0	164	6	1203	1255	8.5e-18	94.7
read1059	rhz:RHPLAN_34100	89.6	48	5	0	169	26	389	436	9.9e-22	107.8
read1067	wij:BWZ20_02900	69.8	43	13	0	1	129	483	525	8.7e-10	68.2
read1077	hhl:Halha_2587	79.6	49	10	0	150	4	284	332	5.3e-15	85.5
read1080	bug:BC1001_4573	60.4	53	21	0	2	160	131	183	1.7e-13	80.5
read1083	acm:AciX9_3934	61.8	55	20	1	5	169	14	67	4.5e-06	55.8
read1084	rhz:RHPLAN_40380	69.6	56	17	0	168	1	95	150	5.8e-14	82.0
read1085	llu:AKJ09_09909	67.9	56	18	0	169	2	119	174	5.4e-12	75.5
read1087	aca:ACP_1508	61.1	54	21	0	5	166	341	394	2.4e-12	76.6
read1088	mam:Mesau_05208	64.3	56	20	0	170	3	27	82	5.8e-14	82.0
read1090	nha:Nham_0319	94.6	56	3	0	3	170	41	96	5.8e-22	108.6
read1093	nfl:COO91_05748	62.5	56	21	0	1	168	137	192	1.3e-10	70.9
read1095	rir:BN877_p0461	66.1	56	19	0	3	170	108	163	3.8e-13	79.3
read1096	ges:VT84_30325	70.4	54	16	0	166	5	262	315	2.9e-13	79.7
read1103	bbau:AEM51_07805	65.1	43	15	0	167	39	204	246	1.2e-08	64.3
read1104	gbi:PG2T_10710	78.6	56	12	0	3	170	90	145	9.3e-20	101.3
read1106	ctm:Cabther_A0241	100.0	56	0	0	3	170	1351	1406	7.3e-25	118.2
read1110	rhz:RHPLAN_03040	89.3	56	6	0	1	168	48	103	2.4e-20	103.2
read1111	led:BBK82_04000	71.7	53	15	0	168	10	130	182	3.9e-18	95.9
read1115	gma:AciX8_4676	66.1	56	19	0	1	168	31	86	6.9e-15	85.1
read1119	mox:DAMO_0031	67.3	55	18	0	166	2	103	157	1.1e-12	77.8
read1122	bvv:BHK69_17475	61.1	54	21	0	167	6	171	224	6.0e-11	72.0
read1125	rpc:RPC_0621	76.2	42	10	0	129	4	1	42	3.1e-07	59.7
read1126	rhc:RGUI_2110	67.9	56	18	0	3	170	550	605	7.6e-14	81.6
read1129	ntr:B0W44_01845	75.9	54	13	0	164	3	53	106	1.0e-15	87.8
read1130	vgo:GJW-30_1_01054	75.0	56	14	0	168	1	131	186	2.5e-17	93.2
read1137	bic:LMTR13_17935	77.8	54	12	0	163	2	22	75	2.5e-14	83.2
read1144	aba:Acid345_1270	89.3	56	6	0	2	169	46	101	4.9e-21	105.5
read1146	rpa:RPA0700	96.3	54	2	0	164	3	179	232	5.7e-22	108.6
read1153	aba:Acid345_0639	74.5	55	14	0	168	4	377	431	3.6e-16	89.4
read1154	pbh:AAW51_4704	61.0	41	15	1	124	2	246	285	1.0e-05	54.7
read1157	ade:Adeh_0696	75.0	56	14	0	170	3	504	559	1.5e-17	94.0
read1160	hmc:HYPMC_4275	74.5	55	14	0	167	3	98	152	1.4e-15	87.4
read1164	brad:BF49_4465	92.9	56	4	0	2	169	547	602	2.4e-20	103.2
read1166	nja:NSJP_2518	73.2	56	15	0	170	3	732	787	8.7e-18	94.7
read1172	woc:BA177_02455	60.9	46	18	0	141	4	574	619	9.0e-07	58.2
read1174	sus:Acid_0469	85.7	56	8	0	2	169	698	753	1.1e-20	104.4
read1176	mmar:MODMU_3388	80.0	55	11	0	1	165	116	170	9.0e-15	84.7
read1181	aba:Acid345_4393	62.5	56	21	0	2	169	200	255	2.1e-11	73.6
read1184	scx:AS200_08865	67.9	56	17	1	168	1	152	206	8.4e-13	78.2
read1188	aba:Acid345_1466	75.0	56	14	0	170	3	299	354	6.9e-15	85.1
read1190	abs:AZOBR_p110139	94.5	55	3	0	6	170	338	392	1.1e-23	114.4
read1194	acm:AciX9_1886	83.9	56	9	0	169	2	243	298	4.6e-19	99.0
read1201	mcg:GL4_1676	75.5	53	13	0	9	167	277	329	2.6e-14	83.2
read1207	brad:BF49_5968	91.1	56	5	0	2	169	89	144	4.4e-22	109.0
read1208	mye:AB431_04135	65.5	55	19	0	3	167	213	267	5.6e-09	65.5
read1216	nja:NSJP_3667	69.6	56	17	0	2	169	80	135	1.5e-14	84.0
read1218	aba:Acid345_3248	85.7	56	8	0	1	168	138	193	6.0e-19	98.6
read1219	stre:GZL_09174	70.6	51	15	0	15	167	286	336	1.6e-11	73.9
read1220	mrm:A7982_10009	92.6	54	4	0	1	162	39	92	8.7e-18	94.7
read1224	bct:GEM_4637	61.8	55	21	0	3	167	99	153	8.3e-13	78.2
read1228	ssy:SLG_27430	70.4	54	16	0	3	164	101	154	3.8e-13	79.3
read1229	bju:BJ6T_66750	80.4	56	11	0	2	169	936	991	1.1e-15	87.8
read1231	dca:Desca_1185	69.1	55	17	0	165	1	226	280	2.1e-11	73.6
read1233	bju:BJ6T_30750	82.1	56	10	0	1	168	131	186	3.6e-16	89.4
read1238	bra:BRADO3505	87.0	54	7	0	164	3	267	320	8.2e-21	104.8
read1241	tco:Theco_2843	66.1	56	19	0	170	3	165	220	1.5e-14	84.0
read1244	plh:VT85_16660	73.2	56	15	0	170	3	313	368	1.9e-17	93.6
read1246	mdx:BTO20_29445	67.9	56	18	0	2	169	491	546	4.2e-12	75.9
read1249	dly:Dehly_0962	69.6	56	17	0	168	1	145	200	6.2e-16	88.6
read1250	sus:Acid_3814	64.3	56	20	0	169	2	364	419	1.1e-09	67.8
read1263	gai:IMCC3135_06215	61.1	54	21	0	167	6	141	194	1.0e-10	71.2
read1265	rpe:RPE_2669	60.0	55	22	0	168	4	653	707	6.2e-08	62.0
read1271	aba:Acid345_0362	78.2	55	12	0	4	168	41	95	1.7e-18	97.1
read1272	ncn:BZZ01_28255	63.9	36	13	0	166	59	232	267	4.5e-06	55.8
read1275	dto:TOL2_C16700	69.6	56	17	0	1	168	142	197	1.5e-14	84.0
read1279	rpd:RPD_4378	98.2	56	1	0	2	169	28	83	1.1e-23	114.4
read1284	nko:Niako_2546	84.9	53	8	0	3	161	261	313	7.1e-20	101.7
read1285	ase:ACPL_263	69.6	56	17	0	170	3	338	393	5.3e-15	85.5
read1288	nga:Ngar_c00860	76.8	56	13	0	170	3	74	129	4.3e-17	92.4
read1289	chy:CHY_1992	66.7	54	18	0	1	162	148	201	1.7e-13	80.5
read1297	aba:Acid345_0545	67.3	55	18	0	4	168	112	166	2.4e-12	76.6
read1299	opf:CBP31_11680	64.8	54	19	0	166	5	292	345	8.8e-15	84.7
read1300	cwo:Cwoe_0003	78.6	56	12	0	1	168	258	313	1.2e-14	84.3
read1303	bph:Bphy_6889	64.3	56	20	0	3	170	50	105	2.4e-12	76.6
read1304	rhb:NY08_3996	60.9	64	15	1	3	164	40	103	8.4e-13	78.2
read1309	vbo:CKY39_11160	75.5	53	13	0	11	169	38	90	1.5e-14	84.0
read1310	hyl:LPB072_04205	67.9	56	18	0	1	168	251	306	1.2e-14	84.3
read1311	sphy:CHN51_07470	62.5	48	18	0	144	1	66	113	1.1e-11	74.3
read1313	stax:MC45_16890	76.4	55	13	0	2	166	76	130	5.8e-14	82.0
read1314	rva:Rvan_1798	72.2	54	15	0	2	163	28	81	4.5e-14	82.4
read1317	ros:CTJ15_12445	83.9	56	9	0	168	1	51	106	7.9e-19	98.2
read1320	llu:AKJ09_10200	69.1	55	17	0	167	3	95	149	1.1e-12	77.8
read1325	mars:A8C75_07940	68.6	51	16	0	168	16	96	146	4.8e-16	89.0
read1327	mcj:MCON_0176	70.8	48	14	0	146	3	317	364	4.6e-11	72.4
read1328	cet:B8281_13010	65.5	55	19	0	166	2	248	302	6.4e-13	78.6
read1332	ccz:CCALI_01181	71.9	32	9	0	118	23	2567	2598	9.0e-07	58.2
read1334	rhz:RHPLAN_54020	73.2	56	15	0	168	1	8	63	1.3e-16	90.9
read1336	mrm:A7982_08417	85.2	54	8	0	5	166	67	120	2.7e-19	99.8
read1340	aba:Acid345_4223	86.4	59	5	1	169	2	319	377	1.7e-18	97.1
read1341	sus:Acid_0975	83.6	55	9	0	1	165	273	327	1.3e-18	97.4
read1343	bju:BJ6T_24360	90.9	55	5	0	3	167	136	190	6.6e-26	121.7
read1348	lmoi:VV02_22130	89.3	56	6	0	169	2	359	414	4.0e-23	112.5
read1349	bic:LMTR13_30360	89.1	55	6	0	3	167	538	592	3.8e-21	105.9
read1350	mpo:Mpop_1236	66.1	56	19	0	1	168	110	165	1.8e-15	87.0
read1351	len:LEP3755_02610	67.9	56	18	0	1	168	147	202	4.0e-15	85.9
read1353	aba:Acid345_4577	64.8	54	19	0	6	167	269	322	2.7e-11	73.2
read1354	phs:C2L64_51210	77.3	44	10	0	38	169	1	44	9.9e-14	81.3
read1358	snw:BBN63_09085	70.2	57	16	1	169	2	33	89	3.1e-15	86.3
read1361	cwo:Cwoe_4231	66.0	53	18	0	11	169	5	57	1.9e-12	77.0
read1366	bop:AXW83_03415	94.5	55	3	0	167	3	353	407	7.7e-19	98.2
read1367	tsm:ASU32_21340	60.5	43	17	0	160	32	119	161	1.4e-07	60.8
read1368	mpro:BJP34_05300	60.0	50	20	0	1	150	521	570	3.0e-10	69.7
read1370	lpf:lpl2293	60.0	55	22	0	3	167	135	189	8.4e-13	78.2
read1372	psin:CAK95_10500	75.0	44	11	0	132	1	1	44	2.8e-11	72.8
read1373	mcb:Mycch_0817	61.1	54	20	1	164	3	74	126	1.3e-08	64.3
read1384	cai:Caci_6587	64.3	56	20	0	169	2	181	236	8.4e-13	78.2
read1385	nja:NSJP_3458	87.5	56	7	0	168	1	132	187	6.2e-24	115.2
read1386	lab:LA76x_4322	68.5	54	17	0	168	7	69	122	1.7e-13	80.5
read1387	sus:Acid_7828	71.4	56	16	0	169	2	801	856	1.4e-15	87.4
read1389	ace:Acel_0230	74.5	55	14	0	2	166	238	292	6.2e-16	88.6
read1398	rgi:RGI145_10170	82.1	56	10	0	169	2	247	302	2.1e-19	100.1
read1399	dmt:DESME_15600	65.5	58	18	1	3	170	326	383	3.4e-14	82.8
read1400	aca:ACP_2474	66.0	53	18	0	169	11	255	307	4.9e-13	79.0
read1401	pbor:BSF38_02944	67.3	55	14	1	166	14	606	660	1.1e-12	77.8
read1404	gdi:GDI2303	67.9	56	18	0	1	168	74	129	2.9e-13	79.7
read1409	sct:SCAT_4844	60.0	55	22	0	2	166	125	179	2.7e-11	73.2
read1413	msm:MSMEG_0187	66.1	56	19	0	1	168	81	136	9.3e-12	74.7
read1416	mkm:Mkms_5756	71.4	56	16	0	169	2	349	404	3.6e-16	89.4
read1417	trs:Terro_1458	69.1	55	17	0	165	1	244	298	1.8e-15	87.0
read1420	rhz:RHPLAN_26340	92.9	56	4	0	169	2	120	175	9.0e-23	111.3
read1422	ssa:SSA_1182	62.5	56	21	0	169	2	120	175	1.4e-12	77.4
read1428	rpj:N234_37360	69.8	53	16	0	161	3	29	81	1.3e-13	80.9
read1435	aay:WYH_00580	83.3	54	9	0	163	2	106	159	1.6e-16	90.5
read1436	bja:bll6142	91.1	56	5	0	1	168	408	463	6.9e-23	111.7
read1443	dru:Desru_2973	64.2	53	19	0	3	161	134	186	2.9e-13	79.7
read1446	sphp:LH20_04010	83.9	56	9	0	2	169	171	226	9.3e-20	101.3
read1449	rhz:RHPLAN_08400	66.7	54	18	0	3	164	222	275	1.5e-14	84.0
read1450	parb:CJU94_34650	70.4	54	16	0	170	9	65	118	2.6e-14	83.2
read1457	bju:BJ6T_01750	88.9	54	6	0	1	162	337	390	5.3e-20	102.1
read1468	brk:CWS35_02255	85.7	56	8	0	3	170	74	129	6.6e-18	95.1
read1469	cwo:Cwoe_3772	66.7	54	18	0	1	162	154	207	1.9e-12	77.0
read1470	aba:Acid345_1063	92.9	56	4	0	3	170	10	65	1.1e-20	104.4
read1473	mbry:B1812_04330	78.6	56	12	0	1	168	200	255	8.7e-18	94.7
read1475	pls:VT03_25050	68.8	48	15	0	167	24	259	306	1.8e-10	70.5
read1476	brk:CWS35_26735	100.0	53	0	0	11	169	20	72	2.2e-21	106.7
read1484	ges:VT84_02355	85.7	56	8	0	1	168	104	159	3.4e-22	109.4
read1486	mll:B1R94_21800	83.9	56	9	0	3	170	134	189	2.4e-20	103.2
read1488	tcu:Tcur_3984	69.1	55	17	0	1	165	211	265	2.4e-15	86.7
read1492	rhz:RHPLAN_16670	91.1	56	5	0	1	168	15	70	2.5e-17	93.2
read1493	sus:Acid_1355	69.8	43	13	0	129	1	4	46	1.9e-09	67.0
read1497	nja:NSJP_2611	87.3	55	7	0	169	5	254	308	1.8e-23	113.6
read1507	sus:Acid_3814	71.4	35	10	0	108	4	201	235	2.0e-06	57.0
read1510	scl:sce5149	89.1	55	6	0	3	167	169	223	1.0e-18	97.8
read1515	svt:SVTN_32520	69.6	56	17	0	168	1	9	64	3.2e-12	76.3
read1517	sus:Acid_5307	67.3	55	18	0	168	4	318	372	4.0e-15	85.9
read1519	spun:BFF78_00320	72.2	54	15	0	167	6	41	94	7.5e-14	81.6
read1520	afw:Anae109_0476	69.1	55	17	0	169	5	64	118	1.9e-12	77.0
read1521	sus:Acid_5590	73.2	56	15	0	169	2	303	358	2.5e-17	93.2
read1525	gma:AciX8_4517	64.3	56	20	0	1	168	242	297	3.4e-14	82.8
read1526	noa:BKM31_58280	73.2	56	15	0	1	168	5	60	2.4e-15	86.7
read1527	rga:RGR602_PC01327	60.0	55	22	0	166	2	250	304	2.8e-08	63.2
read1531	sus:Acid_6938	78.9	38	7	1	114	4	327	364	1.1e-08	63.9
read1541	rpb:RPB_3563	69.2	39	12	0	142	26	125	163	1.2e-06	57.8
read1545	sna:Snas_1758	60.0	55	20	1	11	169	52	106	3.0e-10	69.7
read1548	brad:BF49_5357	87.5	56	7	0	1	168	318	373	1.8e-23	113.6
read1554	brad:BF49_4668	92.9	56	4	0	169	2	144	199	1.2e-19	100.9
read1557	mft:XA26_59920	63.6	55	20	0	3	167	72	126	3.4e-14	82.8
read1559	neu:NE1652	65.5	55	19	0	166	2	398	452	2.0e-14	83.6
read1560	gma:AciX8_0722	61.1	54	21	0	169	8	104	157	1.1e-09	67.8
read1561	sus:Acid_4617	73.2	56	15	0	3	170	69	124	3.9e-18	95.9
read1562	gsb:GSUB_12680	89.3	56	6	0	168	1	1123	1178	4.4e-22	109.0
read1565	sus:Acid_5391	73.2	56	15	0	170	3	49	104	3.6e-16	89.4
read1574	shy:SHJG_1237	74.5	55	14	0	165	1	234	288	1.3e-18	97.4
read1575	sus:Acid_3648	71.4	56	16	0	168	1	124	179	2.4e-15	86.7
read1579	dal:Dalk_0973	72.7	55	15	0	168	4	85	139	1.2e-14	84.3
read1582	azi:AzCIB_4021	62.3	53	20	0	8	166	5	57	1.1e-12	77.8
read1588	dpd:Deipe_0728	68.5	54	16	1	9	167	512	565	3.5e-11	72.8
read1590	pfk:PFAS1_24240	89.1	55	6	0	1	165	73	127	1.7e-21	107.1
read1591	aba:Acid345_1230	92.2	51	4	0	2	154	45	95	3.2e-20	102.8
read1602	nha:Nham_1532	93.6	47	3	0	170	30	1353	1399	5.3e-15	85.5
read1604	bbt:BBta_5810	85.7	56	8	0	2	169	95	150	2.6e-22	109.8
read1608	ali:AZOLI_p40483	62.5	56	21	0	1	168	125	180	3.2e-12	76.3
read1611	psin:CAK95_08050	92.9	56	4	0	1	168	115	170	1.2e-22	110.9
read1613	nwi:Nwi_1860	83.9	56	9	0	170	3	568	623	1.1e-17	94.4
read1618	bja:bll6080	83.3	42	7	0	168	43	374	415	3.5e-11	72.8
read1619	sus:Acid_0436	64.7	51	18	0	1	153	110	160	6.7e-12	75.1
read1623	aca:ACP_3433	69.6	56	17	0	2	169	116	171	1.4e-15	87.4
read1624	rpb:RPB_2657	66.7	54	18	0	164	3	123	176	1.1e-12	77.8
read1626	hau:Haur_4443	69.6	56	17	0	1	168	140	195	3.1e-15	86.3
read1628	aba:Acid345_2337	73.2	56	15	0	2	169	41	96	2.8e-16	89.7
read1631	sus:Acid_7747	79.6	54	11	0	7	168	67	120	3.9e-18	95.9
read1635	tmr:Tmar_1527	69.1	55	16	1	2	163	67	121	1.3e-13	80.9
read1636	rlg:Rleg_6857	86.5	52	7	0	168	13	377	428	3.8e-21	105.9
read1638	nsi:A6J88_01570	71.4	56	14	1	1	168	165	218	1.2e-14	84.3
read1641	buz:AYM40_03780	70.9	55	16	0	167	3	313	367	1.2e-14	84.3
read1642	nlc:EBAPG3_005645	69.8	53	16	0	11	169	107	159	5.4e-12	75.5
read1645	slc:SL103_24365	89.3	56	6	0	169	2	546	601	5.4e-20	102.1
read1647	bsa:Bacsa_0040	60.0	55	22	0	3	167	292	346	2.7e-11	73.2
read1650	aba:Acid345_4120	71.2	52	15	0	158	3	102	153	9.0e-15	84.7
read1660	pca:Pcar_3104	76.8	56	13	0	170	3	374	429	1.1e-17	94.4
read1662	obg:Verru16b_00329	76.8	56	13	0	1	168	177	232	1.5e-17	94.0
read1668	cwo:Cwoe_5846	72.7	55	15	0	3	167	131	185	8.7e-18	94.7
read1671	strm:M444_03060	64.3	56	20	0	1	168	47	102	7.1e-12	75.1
read1677	gma:AciX8_4105	62.3	53	20	0	163	5	39	91	3.1e-07	59.7
read1678	hoh:Hoch_2362	60.8	51	19	1	4	156	200	249	2.5e-09	66.6
read1689	acm:AciX9_2918	89.1	55	6	0	4	168	779	833	3.9e-18	95.9
read1695	bbt:BBta_1458	92.9	56	4	0	2	169	45	100	2.4e-23	113.2
read1696	bpe:BP0778	62.0	50	19	0	3	152	371	420	7.9e-11	71.6
read1697	aper:A0U91_03260	73.1	52	14	0	4	159	119	170	1.0e-10	71.2
read1699	bue:BRPE67_DCDS04750	70.8	48	14	0	21	164	6	53	2.4e-07	60.1
read1704	rop:ROP_02240	81.4	43	8	0	2	130	148	190	8.4e-13	78.2
read1708	aba:Acid345_4549	82.1	56	10	0	1	168	983	1038	4.3e-17	92.4
read1714	lcp:LC55x_0385	82.1	56	10	0	168	1	122	177	3.4e-22	109.4
read1717	cwo:Cwoe_3727	70.4	54	16	0	6	167	293	346	2.1e-16	90.1
read1719	brad:BF49_1779	92.9	56	4	0	1	168	267	322	1.1e-20	104.4
read1721	bic:LMTR13_00945	100.0	55	0	0	167	3	103	157	2.1e-24	116.7
read1723	sdf:ACG33_02230	60.0	55	22	0	3	167	252	306	4.3e-09	65.9
read1726	ccx:COCOR_03598	60.5	43	17	0	130	2	1227	1269	7.4e-09	65.1
read1727	brk:CWS35_09745	72.2	54	15	0	1	162	472	525	1.4e-15	87.4
read1734	deq:XM25_13135	74.5	55	14	0	165	1	254	308	1.9e-20	103.6
read1740	ade:Adeh_1495	98.2	56	1	0	2	169	228	283	9.6e-25	117.9
read1744	tbi:Tbis_1293	72.7	55	15	0	3	167	214	268	9.0e-15	84.7
read1746	vgo:GJW-30_1_03443	82.1	56	10	0	2	169	455	510	1.7e-21	107.1
read1748	xii:AMD24_00194	85.7	56	8	0	3	170	469	524	2.2e-21	106.7
read1752	rhz:RHPLAN_60910	82.1	56	10	0	1	168	392	447	6.9e-23	111.7
read1758	psl:Psta_2413	85.5	55	8	0	166	2	172	226	7.9e-19	98.2
read1764	samy:DB32_001615	67.9	56	18	0	170	3	27	82	6.2e-16	88.6
read1765	sus:Acid_3122	66.1	56	19	0	169	2	317	372	1.8e-15	87.0
read1767	gma:AciX8_3082	66.1	56	18	1	169	2	488	542	1.4e-12	77.4
read1768	cpip:CJF12_13200	71.4	56	16	0	168	1	121	176	1.5e-17	94.0
read1770	pgv:SL003B_2452	61.2	49	19	0	148	2	1	49	9.0e-07	58.2
read1772	rpc:RPC_0770	94.6	56	3	0	170	3	329	384	1.1e-20	104.4
read1773	ppz:H045_06040	71.4	56	16	0	1	168	193	248	2.6e-14	83.2
read1774	sus:Acid_5315	73.2	56	15	0	168	1	706	761	2.1e-16	90.1
read1777	mpk:VL20_64	64.0	50	18	0	17	166	150	199	2.1e-11	73.6
read1782	xau:Xaut_4865	66.7	54	18	0	168	7	25	78	4.9e-13	79.0
read1783	noa:BKM31_04880	92.9	56	4	0	2	169	153	208	4.2e-20	102.4
read1784	atf:Ach5_50030	66.7	54	18	0	164	3	164	217	5.8e-14	82.0
read1785	scw:TU94_17635	66.1	56	18	1	2	169	295	349	9.3e-12	74.7
read1788	beb:AEM42_14600	69.1	55	17	0	2	166	160	214	3.8e-13	79.3
read1791	gma:AciX8_1670	62.5	40	15	0	122	3	13	52	3.4e-06	56.2
read1792	brk:CWS35_32600	85.7	56	8	0	168	1	220	275	4.9e-21	105.5
read1794	abac:LuPra_02124	69.2	39	12	0	153	37	173	211	8.1e-08	61.6
read1795	moc:BB934_38150	60.0	45	18	0	166	32	47	91	6.9e-07	58.5
read1803	brc:BCCGELA001_34690	63.6	55	20	0	166	2	305	359	4.5e-14	82.4
read1804	afs:AFR_01035	81.4	43	8	0	129	1	1	43	1.6e-11	73.9
read1805	buz:AYM40_34665	87.3	55	7	0	3	167	436	490	2.9e-21	106.3
read1806	bsb:Bresu_1595	100.0	56	0	0	2	169	132	187	3.3e-25	119.4
read1812	aba:Acid345_3573	94.6	56	3	0	2	169	391	446	5.4e-20	102.1
read1813	mlo:mlr6790	62.2	37	14	0	1	111	35	71	1.5e-06	57.4
read1814	pbs:Plabr_1141	87.5	56	7	0	170	3	705	760	4.9e-21	105.5
read1816	aca:ACP_3156	71.8	39	11	0	119	3	379	417	1.8e-07	60.5
read1821	txi:TH3_19035	68.5	54	17	0	165	4	201	254	2.9e-13	79.7
read1828	abac:LuPra_00509	87.3	55	7	0	167	3	127	181	1.3e-18	97.4
read1829	efk:P856_478	73.2	56	15	0	3	170	40	95	5.8e-14	82.0
read1830	aba:Acid345_3369	69.6	56	17	0	3	170	142	197	1.2e-11	74.3
read1831	bts:Btus_1178	64.3	56	20	0	3	170	241	296	3.4e-14	82.8
read1836	mbry:B1812_02120	67.9	56	18	0	3	170	155	210	9.3e-12	74.7
read1840	hhy:Halhy_3701	64.7	51	17	1	153	4	436	486	2.4e-12	76.6
read1841	rrz:CS378_01575	63.0	46	17	0	1	138	285	330	3.7e-08	62.8
read1842	rsl:RPSI07_mp1314	73.2	56	15	0	1	168	217	272	1.3e-16	90.9
read1843	ahg:AHOG_16545	77.6	49	11	0	148	2	93	141	2.4e-12	76.6
read1845	tcu:Tcur_0845	67.7	31	10	0	1	93	619	649	3.4e-06	56.2
read1846	mamo:A6B35_32670	62.1	58	19	3	170	3	138	194	7.1e-12	75.1
read1854	brs:S23_16850	73.2	56	15	0	3	170	82	137	9.0e-15	84.7
read1855	buz:AYM40_32605	66.7	45	15	0	1	135	340	384	1.5e-09	67.4
read1856	sur:STAUR_8292	72.7	55	15	0	4	168	444	498	2.5e-17	93.2
read1859	rhl:LPU83_0900	78.6	56	12	0	3	170	26	81	1.4e-15	87.4
read1861	mbd:MEBOL_004288	81.1	53	10	0	1	159	233	285	9.6e-17	91.3
read1862	cfus:CYFUS_005255	77.4	31	7	0	76	168	1	31	3.4e-06	56.2
read1866	cpi:Cpin_2344	60.0	55	22	0	5	169	31	85	9.3e-12	74.7
read1867	rhz:RHPLAN_59220	74.5	55	14	0	166	2	627	681	1.1e-15	87.8
read1868	slc:SL103_20530	63.0	54	20	0	167	6	66	119	1.1e-12	77.8
read1869	slx:SLAV_29050	92.7	55	4	0	166	2	276	330	5.0e-26	122.1
read1870	tro:trd_1611	62.3	53	19	1	6	164	158	209	5.1e-10	68.9
read1872	cart:PA27867_1412	72.4	58	14	1	169	2	35	92	2.1e-11	73.6
read1874	brk:CWS35_23005	67.4	46	15	0	170	33	990	1035	1.4e-07	60.8
read1875	abai:IMCC26256_11727	61.8	55	21	0	3	167	94	148	7.9e-11	71.6
read1877	nha:Nham_1997	66.0	53	18	0	8	166	79	131	5.4e-12	75.5
read1879	bang:BBAG_0577	60.7	56	22	0	2	169	243	298	2.3e-10	70.1
read1880	nio:NITINOP_2119	85.5	55	8	0	167	3	2364	2418	1.7e-21	107.1
read1881	sdf:ACG33_06175	64.2	53	19	0	9	167	366	418	8.4e-13	78.2
read1884	nha:Nham_0318	89.3	56	6	0	169	2	393	448	6.4e-21	105.1
read1885	acm:AciX9_1742	78.6	56	12	0	3	170	406	461	1.7e-13	80.5
read1893	amr:AM1_B0208	66.0	50	17	0	1	150	254	303	1.5e-09	67.4
read1896	bop:AXW83_21655	62.5	48	18	0	147	4	1	48	3.3e-09	66.2
read1897	pbor:BSF38_04777	63.6	55	20	0	166	2	105	159	1.0e-10	71.2
read1898	aba:Acid345_2918	92.1	38	3	0	55	168	5	42	1.2e-11	74.3
read1899	ote:Oter_2014	61.1	54	21	0	6	167	112	165	6.7e-10	68.6
read1902	aex:Astex_0758	64.0	50	18	0	152	3	84	133	1.8e-10	70.5
read1903	tcu:Tcur_0128	89.1	55	6	0	167	3	459	513	4.6e-19	99.0
read1905	brad:BF49_7190	94.6	56	3	0	169	2	394	449	3.0e-18	96.3
read1907	bic:LMTR13_20030	89.1	55	6	0	3	167	405	459	4.2e-20	102.4
read1912	nsr:NS506_04209	80.4	56	11	0	1	168	132	187	9.6e-17	91.3
read1921	moc:BB934_02685	80.4	56	11	0	3	170	500	555	1.5e-17	94.0
read1926	msm:MSMEG_0658	66.0	53	18	0	2	160	60	112	2.4e-12	76.6
read1928	acm:AciX9_3359	82.1	56	10	0	1	168	57	112	2.1e-19	100.1
read1929	ddc:Dd586_3044	69.6	56	16	1	4	168	1860	1915	6.2e-16	88.6
read1930	aba:Acid345_1741	60.7	56	22	0	170	3	4	59	1.0e-10	71.2
read1934	afw:Anae109_3040	65.5	55	19	0	4	168	162	216	2.2e-13	80.1
read1936	sfu:Sfum_1457	78.3	46	9	1	29	166	78	122	1.5e-09	67.4
read1937	axy:AXYL_03459	74.5	55	14	0	168	4	240	294	3.1e-15	86.3
read1939	rhz:RHPLAN_70190	90.9	55	5	0	168	4	266	320	1.5e-22	110.5
read1940	chq:AQ619_08085	87.5	56	7	0	1	168	252	307	2.4e-20	103.2
read1945	tsa:AciPR4_2420	67.5	40	13	0	3	122	268	307	1.1e-07	61.2
read1947	aba:Acid345_1757	85.5	55	7	1	8	169	587	641	2.8e-16	89.7
read1948	cak:Caul_0295	70.9	55	16	0	3	167	331	385	3.6e-16	89.4
read1949	ccel:CCDG5_0096	78.6	56	12	0	170	3	12	67	3.3e-17	92.8
read1951	nha:Nham_1305	89.3	56	6	0	3	170	180	235	3.1e-23	112.8
read1954	rhz:RHPLAN_59750	69.6	56	17	0	2	169	93	148	6.9e-15	85.1
read1955	rhz:RHPLAN_12640	61.5	52	20	0	157	2	1	52	1.3e-08	64.3
read1958	bja:blr1740	65.9	44	10	2	132	4	230	269	5.8e-06	55.5
read1962	bja:blr3631	86.0	50	7	0	152	3	1	50	3.3e-17	92.8
read1963	tfu:Tfu_2070	67.6	37	12	0	2	112	790	826	2.3e-06	56.2
read1966	trs:Terro_0848	71.7	53	15	0	1	159	92	144	4.2e-14	82.4
read1967	ttr:Tter_1475	85.7	49	7	0	22	168	10	58	1.1e-20	104.4
read1969	fre:Franean1_3369	69.2	39	12	0	119	3	5	43	4.8e-08	62.4
read1970	abac:LuPra_02360	64.0	50	18	0	21	170	34	83	1.2e-11	74.3
read1976	aba:Acid345_4287	88.6	35	4	0	168	64	135	169	6.0e-11	72.0
read1980	bju:BJ6T_70500	96.4	56	2	0	3	170	20	75	2.0e-22	110.2
read1983	brk:CWS35_09105	92.9	42	3	0	168	43	74	115	3.4e-14	82.8
read1984	aba:Acid345_1313	76.8	56	13	0	1	168	266	321	2.8e-16	89.7
read1987	tfa:BW733_05275	66.1	56	19	0	1	168	55	110	6.4e-13	78.6
read1988	sti:Sthe_2465	78.2	55	12	0	168	4	84	138	4.0e-15	85.9
read1989	syn:slr0453	96.0	25	1	0	95	169	166	190	1.5e-06	57.4
read1992	hne:HNE_2004	65.5	55	19	0	170	6	209	263	1.9e-09	67.0
read1999	saci:Sinac_0089	72.5	51	13	1	153	4	481	531	6.4e-13	78.6
read2001	non:NOS3756_35050	61.2	49	19	0	149	3	1324	1372	3.4e-06	56.2
read2003	aba:Acid345_0663	76.1	46	11	0	1	138	760	805	1.7e-13	80.5
read2004	ipa:Isop_2445	87.5	56	7	0	2	169	339	394	1.1e-20	104.4
read2005	xii:AMD24_00635	69.4	49	15	0	147	1	187	235	1.7e-10	70.5
read2009	gba:J421_1053	72.2	54	15	0	165	4	31	84	1.4e-12	77.4
read2014	bvr:BVIR_2648	78.6	56	12	0	168	1	250	305	5.6e-17	92.0
read2021	psl:Psta_4321	63.5	52	13	1	140	3	50	101	1.3e-10	70.9
read2026	vbo:CKY39_22935	78.2	55	12	0	167	3	426	480	1.8e-15	87.0
read2028	tvi:Thivi_2283	91.1	56	5	0	1	168	795	850	2.2e-21	106.7
read2033	mphl:MPHLCCUG_00565	90.7	54	5	0	164	3	171	224	3.5e-19	99.4
read2039	sus:Acid_3308	78.9	38	8	0	115	2	251	288	1.9e-09	67.0
read2044	xau:Xaut_0434	94.5	55	3	0	2	166	421	475	2.2e-21	106.7
read2048	npp:PP1Y_AT12349	76.4	55	13	0	2	166	60	114	5.1e-18	95.5
read2050	rlb:RLEG3_19300	75.0	56	14	0	169	2	35	90	2.5e-17	93.2
read2051	fal:FRAAL2457	87.0	54	7	0	165	4	94	147	1.7e-21	107.1
read2055	asw:CVS48_23685	78.2	55	12	0	167	3	531	585	4.0e-15	85.9
read2058	ret:RHE_PE00356	81.8	55	10	0	168	4	169	223	3.3e-17	92.8
read2060	fri:FraEuI1c_6984	87.5	56	7	0	168	1	63	118	5.1e-18	95.5
read2061	ade:Adeh_0154	76.8	56	13	0	169	2	92	147	2.3e-18	96.7
read2068	brk:CWS35_31660	87.5	56	7	0	170	3	57	112	5.4e-20	102.1
read2070	chro:CXB49_19395	74.5	55	14	0	1	165	62	116	1.4e-15	87.4
read2074	ges:VT84_16770	60.7	56	16	1	1	168	489	538	3.1e-07	59.7
read2080	parb:CJU94_35190	85.7	56	8	0	2	169	182	237	3.2e-20	102.8
read2082	aca:ACP_3358	66.0	53	18	0	3	161	83	135	1.2e-11	74.3
read2083	sdf:ACG33_12050	69.4	36	11	0	61	168	2	37	4.5e-06	55.8
read2084	aba:Acid345_3970	83.6	55	9	0	2	166	110	164	1.0e-18	97.8
read2089	gbe:GbCGDNIH1_2406	81.5	54	10	0	167	6	122	175	5.1e-18	95.5
read2091	sus:Acid_2471	62.5	48	18	0	144	1	829	876	2.8e-08	63.2
read2095	abai:IMCC26256_111709	61.5	52	20	0	13	168	222	273	1.3e-10	70.9
read2098	aba:Acid345_3440	72.7	55	15	0	168	4	66	120	3.8e-13	79.3
read2099	thk:CCZ27_10850	75.0	52	13	0	10	165	159	210	3.3e-17	92.8
read2100	ccz:CCALI_01827	75.0	56	14	0	3	170	136	191	3.3e-17	92.8
read2101	adt:APT56_24045	69.1	55	17	0	168	4	195	249	1.8e-15	87.0
read2102	req:REQ_38720	61.1	54	21	0	164	3	405	458	2.3e-07	60.1
read2103	abac:LuPra_01793	60.0	55	22	0	3	167	246	300	5.4e-12	75.5
read2105	ksk:KSE_36230	94.6	56	3	0	168	1	489	544	3.2e-20	102.8
read2106	pbor:BSF38_05261	91.1	56	5	0	168	1	165	220	4.0e-23	112.5
read2107	bmyc:DJ92_5023	60.4	48	19	0	24	167	3	50	3.7e-08	62.8
read2110	moc:BB934_02600	76.8	56	13	0	2	169	314	369	4.3e-17	92.4
read2111	tcl:Tchl_3429	80.0	50	10	0	152	3	197	246	4.3e-16	89.0
read2112	pbor:BSF38_00449	62.5	40	15	0	169	50	103	142	6.2e-08	62.0
read2116	ace:Acel_1759	87.3	55	7	0	3	167	357	411	4.2e-20	102.4
read2120	rpd:RPD_2968	83.3	54	9	0	164	3	497	550	2.7e-19	99.8
read2121	mrd:Mrad2831_0078	71.4	56	16	0	168	1	17	72	2.4e-12	76.6
read2122	psin:CAK95_11320	94.6	56	3	0	2	169	58	113	1.4e-23	114.0
read2125	mor:MOC_1624	60.7	56	22	0	3	170	268	323	4.9e-13	79.0
read2127	mmi:MMAR_4262	75.0	56	14	0	168	1	28	83	9.0e-15	84.7
read2130	bic:LMTR13_01340	78.6	56	12	0	168	1	47	102	4.6e-19	99.0
read2132	gma:AciX8_3446	94.6	56	3	0	3	170	69	124	1.3e-26	124.0
read2139	mgo:AFA91_08945	71.4	56	16	0	3	170	31	86	5.3e-15	85.5
read2140	gvi:gll2628	69.1	55	17	0	3	167	388	442	5.4e-12	75.5
read2141	bcai:K788_0001334	76.8	56	13	0	169	2	26	81	2.3e-18	96.7
read2146	xii:AMD24_00782	70.9	55	16	0	2	166	86	140	5.3e-15	85.5
read2147	bvv:BHK69_23980	76.8	56	13	0	1	168	245	300	3.6e-16	89.4
read2149	cwo:Cwoe_5435	77.4	53	12	0	8	166	302	354	7.6e-14	81.6
read2151	siv:SSIL_2798	82.1	56	10	0	168	1	330	385	3.0e-18	96.3
read2159	psin:CAK95_27180	62.5	56	19	1	169	2	130	183	2.6e-14	83.2
read2160	bja:bll2867	96.4	56	2	0	168	1	174	229	3.2e-20	102.8
read2167	bvr:BVIR_1323	80.4	56	11	0	3	170	114	169	5.4e-20	102.1
read2168	tcu:Tcur_0094	69.6	56	17	0	169	2	511	566	2.6e-14	83.2
read2170	msl:Msil_1662	78.2	55	12	0	2	166	348	402	1.9e-17	93.6
read2171	acm:AciX9_0546	66.1	56	19	0	3	170	42	97	1.3e-16	90.9
read2172	nca:Noca_2639	90.2	51	5	0	166	14	248	298	6.0e-19	98.6
read2173	bay:RBAM_034210	76.4	55	13	0	4	168	118	172	1.1e-15	87.8
read2178	aba:Acid345_4776	60.0	55	21	1	4	165	467	521	5.4e-12	75.5
read2180	rhz:RHPLAN_13560	61.1	54	21	0	165	4	73	126	3.2e-12	76.3
read2185	azi:AzCIB_0824	81.6	49	9	0	18	164	1	49	2.6e-14	83.2
read2186	ngv:CDO52_18590	73.1	52	14	0	162	7	7	58	8.7e-15	84.7
read2189	bic:LMTR13_06610	89.3	56	6	0	2	169	638	693	2.6e-22	109.8
read2195	mup:A0256_07210	83.6	55	9	0	167	3	546	600	4.2e-20	102.4
read2202	ngv:CDO52_18330	79.2	48	10	0	2	145	49	96	1.9e-13	80.1
read2206	acr:Acry_1663	69.1	55	17	0	169	5	225	279	1.7e-13	80.5
read2213	ttf:THTE_1829	64.2	53	19	0	160	2	46	98	6.4e-13	78.6
read2214	buz:AYM40_34175	75.0	56	14	0	169	2	190	245	8.4e-21	104.8
read2221	tal:Thal_1116	76.4	55	13	0	166	2	4	58	2.6e-14	83.2
read2222	ges:VT84_34520	62.1	58	19	1	1	165	10	67	8.4e-13	78.2
read2223	aja:AJAP_17055	78.6	56	12	0	170	3	444	499	5.1e-18	95.5
read2226	cmp:Cha6605_5598	66.1	56	18	1	1	168	20	74	1.8e-10	70.5
read2228	mym:A176_001495	62.5	40	15	0	39	158	181	220	6.9e-07	58.5
read2229	aba:Acid345_0497	70.5	44	13	0	134	3	1	44	6.7e-10	68.6
read2231	woc:BA177_12020	87.3	55	7	0	168	4	131	185	6.0e-19	98.6
read2232	mrm:A7982_08774	63.8	58	19	1	170	3	81	138	1.3e-13	80.9
read2237	ppd:Ppro_1182	66.7	42	14	0	170	45	358	399	4.0e-07	59.3
read2240	sls:SLINC_0786	74.5	55	14	0	4	168	45	99	1.6e-19	100.5
read2241	aba:Acid345_2756	75.9	54	13	0	163	2	32	85	5.4e-20	102.1
read2243	vgo:GJW-30_1_02967	83.9	56	9	0	169	2	128	183	7.3e-17	91.7
read2245	msd:MYSTI_07864	70.7	58	15	1	2	169	330	387	5.4e-12	75.5
read2257	abac:LuPra_00011	66.7	42	13	1	126	1	1	41	3.3e-09	66.2
read2260	brc:BCCGELA001_14775	87.3	55	7	0	168	4	11	65	1.0e-18	97.8
read2261	cwo:Cwoe_3204	77.2	57	11	1	1	165	667	723	2.0e-14	83.6
read2265	aol:S58_08980	92.9	56	4	0	170	3	24	79	1.3e-21	107.5
read2271	bro:BRAD285_7760	85.7	56	8	0	170	3	122	177	1.9e-20	103.6
read2272	gma:AciX8_0284	73.9	46	12	0	168	31	2	47	2.5e-09	66.6
read2276	rce:RC1_1268	62.3	53	11	2	155	3	307	352	1.0e-05	54.7
read2279	psin:CAK95_13425	63.6	55	15	1	170	6	171	220	1.5e-09	67.4
read2280	spun:BFF78_11530	69.6	56	17	0	168	1	50	105	2.2e-13	80.1
read2281	bic:LMTR13_12880	85.7	56	8	0	1	168	769	824	7.9e-19	98.2
read2285	samy:DB32_003711	64.3	56	20	0	3	170	240	295	8.4e-13	78.2
read2290	bic:LMTR13_35770	89.3	56	6	0	169	2	80	135	1.1e-20	104.4
read2294	gph:GEMMAAP_03005	67.9	56	18	0	168	1	101	156	1.5e-14	84.0
read2297	nha:Nham_0285	94.5	55	3	0	167	3	350	404	1.6e-19	100.5
read2298	sus:Acid_4519	66.1	56	19	0	169	2	287	342	9.9e-14	81.3
read2300	rav:AAT18_17775	92.9	56	4	0	3	170	76	131	9.6e-25	117.9
read2301	sus:Acid_2289	82.1	56	10	0	3	170	853	908	4.9e-21	105.5
read2304	bcai:K788_0001821	72.2	54	15	0	164	3	948	1001	2.8e-16	89.7
read2305	bic:LMTR13_01055	89.3	56	6	0	3	170	22	77	1.4e-23	114.0
read2312	tsa:AciPR4_0775	74.5	55	14	0	166	2	340	394	8.1e-16	88.2
read2313	bbt:BBta_1905	85.4	48	7	0	2	145	374	421	6.0e-19	98.6
read2314	mag:amb0061	62.5	56	20	1	1	168	244	298	3.8e-13	79.3
read2316	trs:Terro_1291	64.3	56	20	0	1	168	536	591	2.4e-15	86.7
read2318	sus:Acid_7310	78.6	56	12	0	3	170	48	103	6.2e-16	88.6
read2323	aoi:AORI_2548	81.8	55	10	0	167	3	202	256	6.0e-19	98.6
read2326	bra:BRADO0994	94.6	56	3	0	3	170	405	460	2.9e-21	106.3
read2327	brk:CWS35_05855	89.3	56	6	0	1	168	258	313	1.7e-21	107.1
read2328	sct:SCAT_0220	76.4	55	13	0	167	3	122	176	1.1e-20	104.4
read2329	nko:Niako_4574	60.7	56	22	0	3	170	72	127	6.0e-11	72.0
read2330	plh:VT85_06040	76.8	56	13	0	3	170	80	135	5.4e-20	102.1
read2334	brc:BCCGELA001_34690	73.2	56	15	0	170	3	229	284	4.8e-16	89.0
read2335	rpa:RPA0460	70.9	55	16	0	2	166	169	223	6.2e-16	88.6
read2336	tcu:Tcur_4746	78.6	56	12	0	168	1	246	301	1.1e-15	87.8
read2337	ges:VT84_19155	80.4	56	11	0	169	2	654	709	2.1e-19	100.1
read2343	bja:bll2850	80.0	55	11	0	3	167	129	183	6.6e-18	95.1
read2344	mdh:AYM39_14740	78.6	56	12	0	168	1	499	554	2.3e-18	96.7
read2348	bja:blr5038	70.9	55	16	0	168	4	82	136	6.9e-15	85.1
read2351	ges:VT84_08335	78.6	56	12	0	3	170	201	256	2.5e-17	93.2
read2354	brh:RBRH_00743	68.5	54	17	0	1	162	222	275	4.9e-13	79.0
read2355	trs:Terro_2041	81.5	54	10	0	6	167	22	75	6.0e-19	98.6
read2360	ddf:DEFDS_1893	73.2	56	12	1	2	169	85	137	6.4e-13	78.6
read2361	cwo:Cwoe_4527	69.6	56	17	0	169	2	190	245	9.0e-15	84.7
read2362	agw:QT03_C0001G0267	79.6	54	11	0	168	7	378	431	5.1e-18	95.5
read2363	pbs:Plabr_1154	63.6	55	20	0	3	167	191	245	6.4e-13	78.6
read2365	fre:Franean1_1239	89.1	55	6	0	1	165	160	214	6.3e-21	105.1
read2366	enm:EBS_0118	60.4	53	21	0	159	1	219	271	5.4e-09	65.5
read2372	mad:HP15_1322	60.7	56	22	0	1	168	19	74	1.6e-11	73.9
read2375	aba:Acid345_0203	74.1	54	14	0	170	9	286	339	5.1e-18	95.5
read2378	ttr:Tter_2021	69.6	46	14	0	139	2	1	46	1.6e-08	63.9
read2380	reu:Reut_B5373	69.8	53	16	0	163	5	40	92	6.9e-15	85.1
read2382	sus:Acid_5119	98.0	51	1	0	167	15	56	106	4.2e-20	102.4
read2383	fra:Francci3_2445	71.4	56	16	0	2	169	161	216	1.7e-13	80.5
read2384	pbas:SMSP2_02840	83.6	55	9	0	167	3	181	235	4.6e-19	99.0
read2388	lch:Lcho_1741	75.0	56	14	0	168	1	374	429	2.1e-16	90.1
read2389	acr:Acry_2093	71.1	45	13	0	168	34	146	190	1.4e-07	60.8
read2392	psl:Psta_4130	78.2	55	12	0	4	168	105	159	3.8e-21	105.9
read2394	aba:Acid345_4522	67.8	59	15	1	168	4	529	587	4.9e-13	79.0
read2398	aym:YM304_19660	68.6	35	11	0	127	23	204	238	2.0e-06	56.6
read2402	rhz:RHPLAN_54960	94.6	56	3	0	1	168	11	66	2.0e-22	110.2
read2403	cro:ROD_32071	75.0	56	14	0	169	2	180	235	1.7e-18	97.1
read2408	bja:blr4695	70.7	58	14	1	165	1	5	62	1.4e-12	77.4
read2409	ipa:Isop_0423	81.5	54	10	0	170	9	263	316	3.9e-18	95.9
read2412	kvu:EIO_0970	61.1	54	21	0	6	167	4	57	1.1e-09	67.8
read2413	moc:BB934_36565	62.5	56	21	0	2	169	51	106	3.2e-12	76.3
read2425	brs:S23_45190	82.1	56	10	0	170	3	171	226	1.7e-21	107.1
read2428	rhz:RHPLAN_39210	71.4	56	16	0	169	2	95	150	1.9e-17	93.6
read2430	psin:CAK95_10320	78.9	57	10	1	167	3	82	138	7.3e-17	91.7
read2436	strc:AA958_04455	64.8	54	19	0	4	165	113	166	3.1e-12	76.3
read2442	psty:BFS30_09830	81.8	55	10	0	167	3	343	397	2.4e-20	103.2
read2448	gor:KTR9_4147	69.1	55	17	0	165	1	3	57	1.5e-14	84.0
read2449	rhz:RHPLAN_21610	73.2	56	15	0	1	168	313	368	2.4e-15	86.7
read2451	ptx:ABW99_06545	85.2	54	8	0	2	163	179	232	6.4e-21	105.1
read2452	acp:A2cp1_3235	76.8	56	13	0	170	3	67	122	6.6e-18	95.1
read2454	gme:Gmet_3489	66.7	54	18	0	164	3	326	379	1.1e-12	77.8
read2455	emu:EMQU_0438	69.4	49	15	0	10	156	4	52	7.9e-11	71.6
read2456	rpe:RPE_1446	70.8	48	14	0	145	2	6	53	2.2e-13	80.1
read2463	ack:C380_13245	83.9	56	9	0	170	3	58	113	9.3e-20	101.3
read2465	cwo:Cwoe_0843	98.2	55	1	0	168	4	330	384	5.8e-22	108.6
read2469	aba:Acid345_3479	76.4	55	13	0	2	166	21	75	1.6e-16	90.5
read2470	mmar:MODMU_0215	65.2	46	16	0	26	163	3	48	4.7e-08	62.4
read2471	bvr:BVIR_300	69.6	56	17	0	2	169	142	197	1.8e-10	70.5
read2473	slim:SCL_0792	91.1	56	5	0	1	168	442	497	1.1e-20	104.4
read2480	sus:Acid_2791	61.8	55	21	0	168	4	428	482	2.3e-10	70.1
read2481	buz:AYM40_29305	60.7	56	22	0	169	2	94	149	3.8e-13	79.3
read2488	brs:S23_30690	85.7	56	8	0	168	1	454	509	1.3e-21	107.5
read2489	lgu:LG3211_2586	76.8	56	13	0	1	168	211	266	1.1e-17	94.4
read2490	rpc:RPC_3988	73.2	56	15	0	1	168	142	197	4.0e-15	85.9
read2491	bic:LMTR13_04470	90.9	55	5	0	3	167	61	115	5.4e-20	102.1
read2494	ato:CIW82_02990	73.2	56	15	0	1	168	101	156	7.6e-14	81.6
read2498	shz:shn_33290	89.3	56	6	0	3	170	61	116	4.0e-23	112.5
read2501	gpo:GPOL_c48850	76.4	55	13	0	3	167	20	74	1.4e-12	77.4
read2503	rhz:RHPLAN_13950	72.7	55	15	0	3	167	333	387	7.7e-11	71.6
read2516	aca:ACP_2175	70.4	54	16	0	7	168	108	161	1.1e-15	87.8
read2517	saci:Sinac_1385	62.0	50	19	0	170	21	198	247	2.8e-08	63.2
read2519	aba:Acid345_3433	78.8	52	11	0	168	13	87	138	8.1e-16	88.2
read2523	bge:BC1002_0235	68.9	45	14	0	136	2	131	175	9.6e-09	64.7
read2524	dac:Daci_4706	69.1	55	17	0	168	4	198	252	4.5e-14	82.4
read2525	bvi:Bcep1808_4083	87.5	56	7	0	3	170	293	348	4.8e-24	115.5
read2528	bja:bll1199	85.7	56	8	0	169	2	574	629	4.0e-15	85.9
read2534	sphk:SKP52_01460	66.7	51	15	1	23	169	100	150	5.6e-09	65.5
read2535	gsk:KN400_2635	87.5	56	7	0	169	2	165	220	1.7e-18	97.1
read2536	bic:LMTR13_13165	60.7	56	22	0	2	169	132	187	3.9e-10	69.3
read2537	sfi:SFUL_553	64.3	42	15	0	45	170	2	43	3.7e-08	62.8
read2538	llu:AKJ09_06131	82.1	56	10	0	169	2	287	342	4.3e-17	92.4
read2541	llu:AKJ09_09078	76.4	55	13	0	168	4	126	180	6.6e-18	95.1
read2542	cwo:Cwoe_3082	80.4	56	11	0	169	2	86	141	1.7e-18	97.1
read2543	fri:FraEuI1c_4472	68.1	47	15	0	2	142	366	412	9.7e-10	67.8
read2544	pspi:PS2015_1009	63.3	49	18	0	23	169	149	197	1.7e-13	80.5
read2545	msl:Msil_0250	75.9	54	13	0	164	3	111	164	8.0e-16	88.2
read2549	hdn:Hden_0708	91.1	56	5	0	2	169	140	195	1.7e-21	107.1
read2552	ptx:ABW99_06595	68.5	54	17	0	167	6	43	96	6.0e-11	72.0
read2554	sus:Acid_4387	80.0	55	11	0	2	166	22	76	6.0e-19	98.6
read2560	bid:Bind_1617	90.0	30	3	0	166	77	415	444	1.6e-08	63.9
read2568	saci:Sinac_0081	85.0	40	6	0	2	121	331	370	9.3e-12	74.7
read2581	psl:Psta_1753	71.8	39	11	0	2	118	689	727	5.6e-09	65.5
read2582	tsa:AciPR4_2048	73.8	42	11	0	43	168	157	198	4.3e-09	65.9
read2584	ams:AMIS_17480	87.5	56	7	0	1	168	130	185	3.2e-20	102.8
read2585	rpe:RPE_4443	100.0	56	0	0	3	170	15	70	1.3e-24	117.5
read2590	dar:Daro_4059	80.8	52	10	0	2	157	208	259	3.3e-17	92.8
read2593	paca:ID47_00170	90.9	55	5	0	3	167	108	162	2.9e-21	106.3
read2602	brk:CWS35_01365	92.9	56	4	0	2	169	117	172	2.0e-22	110.2
read2603	fri:FraEuI1c_0846	69.1	55	17	0	5	169	14	68	1.4e-15	87.4
read2605	brad:BF49_3434	62.5	56	21	0	168	1	4	59	6.4e-13	78.6
read2608	slc:SL103_07540	67.4	43	14	0	170	42	234	276	4.5e-06	55.8
read2609	gdi:GDI1737	63.8	47	17	0	7	147	21	67	1.3e-08	64.3
read2613	rpc:RPC_1352	69.6	56	17	0	3	170	189	244	8.4e-13	78.2
read2615	brk:CWS35_14580	80.0	55	11	0	167	3	180	234	1.9e-17	93.6
read2618	mrd:Mrad2831_1426	82.1	56	10	0	168	1	163	218	3.5e-19	99.4
read2624	beba:BWI17_02215	73.2	56	15	0	169	2	211	266	4.3e-17	92.4
read2626	nno:NONO_c35690	73.2	56	15	0	1	168	420	475	1.5e-14	84.0
read2629	kna:B0W47_02810	63.0	54	20	0	6	167	32	85	4.3e-09	65.9
read2630	fmr:Fuma_02910	82.5	57	8	1	2	166	14	70	4.9e-21	105.5
read2631	cwo:Cwoe_5528	83.9	56	9	0	170	3	451	506	1.9e-20	103.6
read2633	toc:Toce_1072	60.7	56	22	0	169	2	130	185	8.7e-10	68.2
read2634	axn:AX27061_4160	78.8	52	11	0	2	157	575	626	2.2e-18	96.7
read2636	abai:IMCC26256_111462	60.4	53	21	0	12	170	35	87	5.1e-10	68.9
read2637	ote:Oter_2865	82.0	50	9	0	167	18	105	154	2.1e-19	100.1
read2639	aba:Acid345_3012	80.4	56	11	0	170	3	77	132	5.1e-18	95.5
read2640	pspi:PS2015_2633	69.1	55	17	0	3	167	429	483	4.0e-15	85.9
read2644	aba:Acid345_2899	91.1	56	5	0	169	2	78	133	2.1e-24	116.7
read2645	msd:MYSTI_01342	62.5	56	20	1	170	3	194	248	2.3e-10	70.1
read2646	pol:Bpro_3391	64.8	54	19	0	9	170	133	186	1.8e-10	70.5
read2651	och:CES85_5685	66.0	50	17	0	19	168	264	313	1.4e-12	77.4
read2653	msd:MYSTI_07417	61.1	54	21	0	169	8	88	141	6.7e-10	68.6
read2656	sus:Acid_2170	63.4	41	15	0	128	6	287	327	1.4e-07	60.8
read2657	bsd:BLASA_4595	79.2	53	11	0	166	8	397	449	2.1e-19	100.1
read2660	mes:Meso_4000	87.3	55	7	0	3	167	231	285	1.2e-19	100.9
read2662	rhz:RHPLAN_33570	71.7	46	13	0	32	169	9	54	5.1e-10	68.9
read2663	ade:Adeh_4288	82.1	56	10	0	169	2	172	227	6.9e-23	111.7
read2664	bra:BRADO3946	67.3	55	18	0	3	167	56	110	6.9e-15	85.1
read2669	vpe:Varpa_0729	67.9	53	17	0	9	167	283	335	8.1e-16	88.2
read2673	rce:RC1_2196	79.2	53	11	0	3	161	192	244	1.3e-16	90.9
read2674	aba:Acid345_3108	87.3	55	7	0	3	167	413	467	2.1e-19	100.1
read2677	psin:CAK95_23025	66.1	56	19	0	1	168	253	308	2.4e-12	76.6
read2682	sus:Acid_0045	91.1	56	5	0	2	169	26	81	9.0e-23	111.3
read2684	bic:LMTR13_35500	98.2	55	1	0	1	165	147	201	2.4e-20	103.2
read2693	cwo:Cwoe_3389	73.2	41	11	0	46	168	16	56	5.6e-09	65.5
read2694	met:M446_6711	79.6	54	11	0	163	2	174	227	3.9e-18	95.9
read2696	bra:BRADO6892	94.5	55	3	0	3	167	329	383	9.0e-23	111.3
read2697	pbor:BSF38_03139	71.4	56	16	0	169	2	298	353	1.8e-15	87.0
read2698	afs:AFR_42270	63.6	55	20	0	167	3	22	76	7.7e-11	71.6
read2699	ctm:Cabther_A0586	60.7	56	22	0	168	1	91	146	4.6e-11	72.4
read2706	roa:Pd630_LPD06535	87.3	55	7	0	3	167	61	115	3.2e-20	102.8
read2707	aba:Acid345_0963	75.0	56	14	0	169	2	346	401	2.4e-20	103.2
read2713	moc:BB934_25790	74.4	43	11	0	2	130	318	360	1.3e-08	64.3
read2716	achr:C2U31_22180	65.5	55	19	0	4	168	75	129	2.7e-11	73.2
read2717	rlt:Rleg2_3279	69.8	53	16	0	168	10	136	188	4.5e-14	82.4
read2718	kna:B0W47_16400	60.0	55	22	0	1	165	206	260	5.0e-10	68.9
read2719	pap:PSPA7_3986	76.4	55	13	0	3	167	205	259	1.6e-16	90.5
read2720	sus:Acid_6308	70.9	55	16	0	165	1	45	99	4.2e-12	75.9
read2727	cti:RALTA_B1699	76.8	56	13	0	2	169	152	207	4.8e-16	89.0
read2731	acm:AciX9_2399	74.5	55	14	0	167	3	99	153	5.4e-20	102.1
read2734	cyj:Cyan7822_3045	60.7	56	22	0	2	169	74	129	4.6e-11	72.4
read2737	tra:Trad_2225	61.2	49	19	0	3	149	1307	1355	6.2e-08	62.0
read2740	bvr:BVIR_1605	81.8	55	10	0	3	167	96	150	6.9e-15	85.1
read2742	aba:Acid345_1053	65.5	55	19	0	168	4	168	222	7.1e-12	75.1
read2744	bid:Bind_2827	78.2	55	12	0	169	5	243	297	1.7e-18	97.1
read2745	are:AL755_09785	66.1	56	19	0	170	3	131	186	5.3e-15	85.5
read2746	gma:AciX8_3608	75.0	56	14	0	168	1	316	371	5.6e-17	92.0
read2748	aol:S58_30610	78.6	56	12	0	170	3	249	304	4.3e-17	92.4
read2749	ido:I598_2334	60.0	50	20	0	155	6	553	602	4.5e-06	55.8
read2751	gma:AciX8_1985	62.5	56	21	0	1	168	11	66	5.8e-14	82.0
read2755	brad:BF49_2201	61.2	49	19	0	156	10	341	389	4.3e-09	65.9
read2758	vap:Vapar_5523	69.8	53	16	0	168	10	302	354	3.9e-10	69.3
read2763	sus:Acid_2046	100.0	56	0	0	1	168	793	848	2.6e-22	109.8
read2764	psin:CAK95_21895	63.6	55	20	0	167	3	132	186	4.2e-12	75.9
read2773	salb:XNR_1392	78.6	56	12	0	2	169	227	282	5.4e-20	102.1
read2774	dmr:Deima_0945	80.4	56	11	0	3	170	330	385	1.6e-19	100.5
read2780	amyb:BKN51_04910	67.3	55	18	0	3	167	38	92	7.6e-14	81.6
read2782	msl:Msil_0580	90.7	54	5	0	163	2	1	54	6.4e-21	105.1
read2785	yef:FORC2_1825	66.1	56	19	0	168	1	57	112	2.6e-14	83.2
read2788	rhz:RHPLAN_63600	72.7	55	15	0	166	2	109	163	3.6e-16	89.4
read2789	red:roselon_03501	61.1	54	20	1	7	168	771	823	1.8e-07	60.5
read2796	abac:LuPra_00529	60.4	53	21	0	1	159	181	233	1.1e-09	67.8
read2799	led:BBK82_28860	72.5	51	14	0	15	167	978	1028	7.9e-11	71.6
read2800	bbt:BBta_1161	94.6	56	3	0	2	169	505	560	2.7e-19	99.8
read2803	lpn:lpg2102	62.5	48	18	0	170	27	222	269	7.1e-12	75.1
read2807	sti:Sthe_0496	87.3	55	7	0	3	167	5	59	2.1e-19	100.1
